






1766







1734


1210,1




1210,1

4532

1,63
87


359



921,57

26

26


















1719





























1210,1

4154


















1,63





1788

































1210,1

4163



1,63






901,57


























































































1751






























1210,1



6610

1,63


891,57





1829











































1210,1








9667


1,63







919,57








1730









































1210,1





9231

1,63



913,57


























1723























1210,1

4521

1,63


899,57



















428,26

34

34






1788





































949,57

















1820








1210,1




1210,1





6615

1,63

901,57


































1752























1210,1



6446

1,53


549,57




































































1758











1724












































1210,1

4525




1,63

1758




905,57

1210,1






6615

1,63




901,57














1210,1



6437























1,53

284











509,18

84,29



























1751
























1210,1




6609


1,63

891,57










































































































































1836





















1210,1

4539

1,63


933,57
















































































1763














1731




























1210,1

4170

1,63



915,57





1210,1




4169



1,63






915,57































































































































1827




1826



















1210,1

4530



1210,1





9232

1,63





915,57






1,63






913,57







87






26


26

326


313,1407,1407,1407,1407

118,34
34





































































































































































































































































































































1783




















































1210,1





6609



1,63























1784


1729



891,57



1210,1

2233








1,53
87
445




141










1210,1

4156





445,66

26









1,63










911,57













1725
1733
403,46,26,254,176,26































1826














121

628



















1210,1
1210,1


4562



9668

















1,63







1,63

87
185








1210,1






9232


1,63
























































919,57
253,103,26



















913,57











































875,62,39,81,55
39










26
30

































































































































































































1816



















































1816



















1210,1








6445





1,53










549,57













1210,1



6445

1,53




549,57































































































































































































































































































































































































































1784
































































































































































1210,1



4159












1,63
















































893,57






























1816











































































122,1


4493






















































1,53
















































551,57











































































































































































































































































































































































1716










1725







4099




122,1,46,2346,96,69










1784








102,1,40




1,40,64




1816







1752




122,1,36

3573,281,53,210

1,69

1,53

282,282




87




26

816

143

135
134


132
150


100

120
121
115
115




103
118


119
107
113



123

122,1,36

5080,281,53,218

112
104
117
121
116
114
128
116
103
159


26







105,103













122,1,36,2437,95,69






1,69



1,53











1824



















1210,1



6618

306,306,57
1,63







87
726

873


909,57
301,1407,1407

26

1407,1407,1407,1407,277,34

26
34



140,1407,1407,1407,1407,1407,1407,1407,1407

307,394,34
34


147,854
294,142,626

138
914,34

141
34

1407,1407,1118,1407,1407,1407,1407,1407
212,56,26,34

1407,1407,1407,1407
1407

1407,1407,1407,1407,1191,118,280,477,140,1407,1407,1407,751,664,138,749,139,1407,1407,1407,1407

1407,1407,1407,1407,951,1178,120,284,34,115,1407,1407,643

256
34

115,1123,1407,1407,1407,1407,623,98

1407,1407,767,181,119,231,140,1407,1407,1407,1407,1407,817

153,1407

1407,1407,732,1407,1407,1407,1407,1407,1407,1407,1407,1407,1407,1407,1407,1407,1407,1407,1407,1407

1407,1407,1407,1407,1407

1407,833,1407,1407,1407,1407,1407,1407,1407,1367,1407,1407

1407,1407,1407,1407,1407,1407,1407,1407

1407,1407,1407,1407,1407

1407,1407,1407,1407,1407,1407,1407

1407,833,140,1407,1407,1407

1407
1407,1407,1407,1407,1407

1407
1407,1407,1407

1407,1407,1407,1407,1407,1407

1318,1407,1407,1407,1407,1407,1407

1407,1407,1407

1407,1407,1120

1407,1407,1407,1407,1407,1407,1407,1407,1407,1407,1407,1407,1407,1407,1407,1407,1407,1407,1407,1407,1407,1407,1407,833,143,1407,129,116,1407

1407,1407,1407,1407,1407,1407,1407,1407,1407,1407,1276,120,671,116,1407,1407,1407,229,1239,1407,1407,1342,1407,1407,1407,1407,1407,55,1407,1407,1342,1407,1407

34

1342,1407,1407,1407,1407,1407,1407,1091

1407,1407,1407,1407,1407,55,1407,1407,1407

1407,1407

1407,1407,1407

1407,1407,1407,1407,1407,1407,1407,1407,1407,1407,1407,1407,1407,1407,1407,833,1407,1407,1407,1407

1407,1407,1407,1407,1407,1407,1407,1407,1407,1407,1407,1407,1407,1407,1407,1407

1407,1407,1407,833,1407,1407

1407,1407,999,1407,1407,1407,1407,1407,1407,1407,1407,1407,1407,1407,1407,1407

1407,1407,1324,139,1407,720

706,118,1407,1407,1407,1407,1407,595,153,1407,1407,905

1407,1407,1342,1407,1407,1407,1407,1407

1407,1407

1407,1194,1407,1407,1407

1407,1407,1407,1407,1407,1407

1407,1407,523,139,1407,1407

1407
1407,552,1407,1407,907

461,1407,1407,1407

1407,1407,1407,1091,1407,1407,1407,1407,1407,1268,1407,1407,1407,1407,1407,1407,1407,1371,1407,1407

1407,1407,1407,1268,1407,1407,1407,1407,1407,1407

1407,1407,1407,1407

1407,1407

1407,1407,1407,1407,1407,1407,1407,1407

1407,1407,1407

833,1407,1407,1407,1407,1407,1407,1407,1407,1407,1407,1407,1407,1407,1407,1407,1407,1407,1407,1407,1407,1407

1407,1407,833,1407,1407,1407,1407,1407

1407,1407,1407,1407,1407,1407,1407,1407,1407,1407,1407,1407,1407,1407,1407,1407,1407,1407,833,1407

1407,1407,1407,1407,1407,1407,1407,1407

1407,1407,1407,1407

1407,1407,1407,1407

1407,1407,1407,1407,1407,1407,833,1407,1407,1407,1407,1407,1407

1407,1407,1267,34

34

132

98,1407,1407,1407,1407,1407

1407,1407,1407

1407,621,34

34

144,1407,1407,1407,1407,1407,1407

1407,1407

1407,1407,1407,1407,1407

1407,1407,1407,1407,1407,367,1407

1407,1407,1407,1407,55,1407

1407,1407,1165,1407,1407,1407

1407
1407,1407,1407,1407,1407,1407

1407,1407,1407,1407,1407,1407,1407,1407,1407,1407,1407,1407

1407,833,1407

1407,1407,1407,1407,1407,1407

1407
1407

1407,1407,1407,1407,1407,1407,1407,1407,1407,1407,1084,1407,1407,1407,1407,1407

1407,1407,1407,1407,1407,1407

1407,1407,1407,1407,1407,1407,1407,1407,1407,1407,1407,1407,833,1407,1407,1407

1407,1407,1407,1407

1407,1407,1407,1407,1120,1239

1407,1407,1407,1407,1407,1407,1407,1407,1407,1407,1407,1407,1407

1407,1407,1407,1407,1407,1407,1407,1407

1407,1407

833
1407,1407

1407,1407,1407,1407

1407,1407

1407,1407,1407,1407,1407,1407,1407,1407,1407,1407,1407,1407,1407

1407,1407,833,1407,1407,1407,1176,1407,295

1407,1407,1407,1407,1407,1407,1407,1407,1194

1407,1407,1407,1407,1407,1407,1407,1407,1407,1407

1407,1407,1407,1407,1407,1407,1407,1407,1407

1407
1407,191,34,118

1407,1407,1077,1407,1407,1407,1407,1407,1407

1407,1407,1407,1407,1407,1407,1407

34

1115
107,1407,1407,1407,1407,1407,1407,772

1407,1407,1407

126

1407,1407,1407

1407,1407,1407,1407,1407,1407,1407,1407,1407,1407,1320,1407,1407,1407,1407,1407

1407
1407

1407
1407,1407,993,68,34

34

118

86,1162,34
34
124


106
120


119
124


119

154

116

120

109

106

106

106

110

108
114


115

117

119
126
104



102

103
110


104
104


124

119

113

114
111

108


117
114


112


137

122
34





31
31


31

31

31


31

31
31



228

120
196


100
104


89,1391,34

34

114,1163,181,34

34

92
731,34

34

114,1103,330

123,351
34,116,935,112

34

31

31

31

93
966,1150,34,93,163

34


87

56,26





26
451


92





167






132


















830,2532

909,2097,26



89,626,34
114,1407,278

34

92,1407

1407


1407,736,1407,1407,1407

1407,1407

1407,1407,789





93,951,34
34


91,1407,1407,1038,1407

1407,1407,1407,1407,1407,1407

1407,1407,1407,1407,1407,1407

1407,1407,1407,1407,1407,1407,1407

1407,1407,1407,935

16401




16401,121



5567



1784






92,3771

823,34










34







122,1,36

3573,281,53,210








1,53
87
1435

969














1721








1757
























60













26






1210,1

4171







1,63





90,267,34


1210,1



6616

1,63
34


903,57








1451
1451

1255












92,494
34
114


6157,113

12827





90

3891

1293


34

114,2182,623

75,929












75

7312,392,34

34



113,922
809,34,114,1018,829

88,351
34















114,3729








16401







16401,118






12500



16401,16401,190



16401,16401,295




16401,241,4187




12552,1385



16401,2163,34

34


113,949,131,34
91,6155,753

91,2497

34










1790


73,2952

34
34





87

584
118










88,1

1,630




1751














60


26








218,119





30
30




111






16401




7779,386,34,115,2178,1138








94




16401




15971


1210,1




6609

34



187

6566




16401






1,63












16401,35


16401,16401,35



11978,116,3673

69

729






12314,91,7834





10083

891,57




16401,26













16401,16401,35,12314,847







90

10982,34


1796











117,3686

16401,1573







98




91


3021,91








34

13784
3857

2074,22



1210,1

4383







1,63



112,912,969,34

917,57




76,6128







16401



9880,2463,13973




16401




16401,35






16401,26,76

11877







34



16401,4131,3687



8653

3687,16401






259

16401,35,16401,16401,35

16401,470,1239


150

1183



15197,16401

16401,35

6559,1685




13527




13538




9442,461








14751




16401
5790,8218
8218






16401
16401,35



16401,16401,35,10655,12314



16401,16401,35,16401
16401,35






16401,16401,35,4122,16401,16401,35


16401,16401,35,16401,6464


886

26






16401,16401,35,16401,4204,118,16401






15982,16401,16401,35,16401





16401,35,16401,16401,35,16401


14760,1685

16401,16401,35,12523









1815












1210,1

4153

1,63

78

3673



16401
12323






16401,26
16401




16401,35,16401




16401,35





16401




16401,35

3039,34
34







69
3477





















































































1721





1755



88,1






1,563

888,26



155,36


4418,281,69




69

122,1,36

3573,281,53,210

87
1063




282,282,57
26
1,53
87


402


26




60,188,30
1851


131

26

30



627

90





122,1,42




5575




281,53


1,53
1012















130
30

130
30



111

120

477
5263

117
118


119

118









64




1754












148

1818








574,26
















1210,1

4160

1,63


























897,57























1210,1

4160

1,63






897,57









1831





68






1210,1





11301

1,63

130

30

923,57










1720









1784





122,1,36


5080,281,53,218

1,53
87


396

106,2375,114,4

37,1,40

94
577



60,566,1451,1451,1451


1451,1451,1451,1451,1451


1451,1451

1451,1451



1451,1451
1451,1451,1451

1451
1451
1451,1451,1451
1451
1451
1451


1451




26
1451,1451
1816




1451

1451,1451,1451


1451,1451,1451,1451




1451,1451,1451
1451,1104















1788











1,40,64
33
41
106
26

1758







33














82


1210,1



6613

1,63

1210,1

4172

1,63

901,57

905,57







15722






16401



16401












122,1,36



16401

5006,281,53



16401,53











16401











16401








1,53
87
446
206


16401



16401,53






16401




16401






16401




16401,53,16401



16401

16401

16401,53







16401

16401



16401





16401,53






16401



16401,16401,9735







16401




16401,16401



16401,53,16401

91,1134,1407,1407,1407,1407,1407,1407,391,34
16401




16401

174
16401,53

57,26
16401

16401







16401









16401,53







16401

30
34







26

16401



90,1166


369,34

16401




34




16401,53




348


16401



16401

16401

16401,53



16401

126,1041,420,34

16401

34

16401

16401,53

1682

74,1407,1407,1024,1027,34

34


91,1407,1407,978,158,34

92,1039,771

75,1018,1196

34

117


1727



1816


122,1,36

5080,281,53,218

1,53
87


425

60
26

375
273

1451,1451

1451,1451

356

19


114

462,26

30



























1759


82,2375,321,115

4

37,1,40
94


813

489

234,1,40,73,320,319
33




1823



82

2375,321,115

4

37,1,40
94
1022


488




234,1,40,73,655,654

33


















34,19



489

489

319,319
488
488



654
654

489
489


319,319

488
488


654,654





107

34
97


34

116,1407,1407

1407

1407,1407,1407,1407,1407,1407,1407,1407,1407,1407,1407,1407,1407,1407,1407,1407,1407,1407,1407,1407,833,1407,1407,1407,1407

30

1407,1407,1248,34,117,1407,1407,1407,1407,568,1407,1407,1407,1407,1407,1407,1407

34

30
107


30

1407,1407,1407,1407,1407,1407

1407,1407,1407

1407
1407,1407,1407,1407,1407
1407,833,1407,1407,1407,1407,1407,1407,1407,1407,1407,1407,1407,938







69

34
1573



34




































































729,26


































242

144
136


135






133

151

101

121

122
116

116


104
119


120
108


114
124
113



105
118


122

117
97


115

129

117

104

100
104














76,972,34
34

76,1178,1407

1407,63

34
76,803,76,284

34

76,1407,1407,688,223

76,906,242,34
34

76,1407

1407,973,1407,1407,1407,1407

1407,961,573,76,1407,1407,1407,1407,1407,1407,1407,1407,1407,1407
1407,1407,1407,1407,1407,1407,651,76,1407
1407,1407,1407,98
76,1407,1407
1407,1407,1407
1407,1407,1407,1407,1407,1407,1407,1407
1407,1407,1407,1407,1407,1407
294,1244,34,76,902,643,76,280,76,1407

1407,52,76
1407,1407,1407,1407,1407,1407,1407,1407,1407,1407,1407,1367,76,1407,1407,1407,1407,1407,692,76,1407,1062,1407,1407,1407,1407,1407,1407,1407,1144,76,1407,1407,1407,1407,671,1292,76,671,76,1407,1407,1407,1407,1407,1407,435,76,1407,1407,1041
1407,1407,1144
76,626

76
1407,1407,959,869




76,1407,1407,1407,1407

454,85,76,1407,1407,1407,1407,1407,1407,658,1407

34
1407,1407,1407,1407,1407,1407,1407,1407,1407,1407,1407,1407


1407,1407,1407,1154,1407,1407,1342,1407,1407,1407,1407,1407



1407,1407,1407,1407,1407


1407
1407,1407,1407,1407,1407,1407,1407,1407,1407,1407

1407,1407,833,1407,1407

1407,1407,1407
1407,1407,1407,1407,1407,1407,1407,1407,1407,1407,1407,1407,1407,1407,1407,907,1407,1407,1407
1407,1407
1407,1407,1407,1407,1407,1407,1407,1407,1407,1407,1407,1407,1407,1407,1407,1407,1407,1407,833,76,1407,1407,1407,1407
2267





1407,1407,1407,1407,1407,1407,1407,1407,1407,1407,1407,1407,1407,618,435,76,1407,1407,1407,1407,1407,1407,1407,1407,1407,526,135,231,1407,1407,1407,1407,1407,1407,1407,1407,1407,1407,1407,1407,1407,1407,1407,1407,1407,1407,1407,1407,1407,1407

1407
833,1407,1407,308,1407,1407,1407,1407,1407,1407,1407,1407,1407,1407,1407,1407,1407,1407,1407,1407,1407,1407,1407,1407,1407,1407,1407,833,76,1407,1407,1407,1407,1407,1407,1407,1407,1407,1407,1407,1407,1407,1407,1407,1407,1407,1407,1407


1407,1407,1407,1407,833,1407,1407,1407,1407,1407,1407,1407,1407,1407,1407,1407,1407,1407,1407,1407,1407,1407,1407
1407,1407,1407,1407,1407,833,1407,1407,1407,1407,1407,1407,1407,1407,1407,1407,1407,1407,1407,1407,1407,1407,1407


1407
1407,1407,1407,1407,1407,833,1407,1407,1407,1407,1407,1407,1407

1407,1407,1407,1407,1407,1407,1407,1407,1407,1407,1407,1407

1407,1407,1407,1407,833,1407,1407,1407,1407,1407,1407,1407,1407,1407,1407,1407,1407,1407




1407,1407,1407,1407,1407,1407,1407,1407,1407,1407,396,1407




1407
1407,1407,1407,1407,1407,1407,1407,1407
1407,1407,1407,1407,1407,1407,1407,1407,1407,1407
1407
1407,1407,833,1407,1407,1407,1407,1407,1407,1407,1407,1407,1407,1407

1407
1407,786,1407,1407,1407,1407,1407,1407,1407,1407,1407,1407,1407,1407,1407,1407,1407,1407,1407,1407,1407


1407,1407,1407,1407,833,1407,1407,1407
1407,1407
1268,1407,1407,1407,1407
1407
1407,1407,1407,1407,1407,747
1407,1407,1407,1407,1407,1407

1407,1407,1407,1407,1407



1407,1407,1407,1407,1407,1407,1407,1407




1407,1407,1407,1407,833,1407,1407,1407

1407,1407,1407

1407,1407

1216,1,246

1407,1407,1407,1407,1407,1407,1407,1407,1407,1407,1407,1407,1407,1407,1407,833
1407,1407,1407,1407,1407
1,63


109
106,118

124,106,120,119,124,119,144,116



120

106

106

106
106
110



108
114
115



117
119
126



104
102

103


110
104
104


124
119



113

1407
1407,1407,1407,1407,1407,1120
1407,1407,1407

1407,1407,833,1407,1407
1407,1407,1407,1407,1407,1407,1407
114

111

108
117
114,112





31
31


100
104





84

1407,1407,1407,1407




1407,1407,1407,1407,1407

92

1407,1407,1407,1407,1407,833,1407,1407,1407,1407,1407,1407,1407,1407
1407
1407,1407,1407,1407
1407

1407,1407,1407,1407,1407,1407,1407,1407,1407,833,1407,1407,1407,1407,1407,1407,313,1239,1407,1407,1407,1407

1407,1407,1407,1407,1407,1407,1407,1407,1407

1407,1407,1407,1407,1407,1407

1407

1407,1407,1407,833,1407,1407,1407,1407,1407,1407,1407,1407,1407,1407,1407,1407,1407,1407,1407,1407

1407,1407,1407,1407,1407,1407,1407,833,1407


1407,1407,1407,1407,1407,1407

1407,1407
1407,1407,1407,963,1250,1407,1407,1407,1407

921,57










1407
1407,1407,1407,1407,1407,1407,1407,1407,1407,1407,1407,1407,1407,99






31


31
31

31



31
31
31
31




31

31

119
120
119







1820




752,1103,121,923,26

30

836,2533

1210,1



6613

1,63
87


387


901,57
26











16401
7009






26



490,262
26,34



34













1790








1210,1

4526

1,63

87

907

7414







905,57

26

26




978
34


978

76,1407,1407,1407

1407,1407,1407,1407


1407,1407,1407,1407,1407,1407,1407,1407
1407
711

1407,1407,1407,1407,1407,1407,1407,448,76,935,112,34,1407,1407
1407,94,1407,1407
1407,153,76,731,1407,1407
1383

1407
1407,1167
26

34

73,921,76,626,56,74,1407,1407,1407,210,73,267,74
1407,1407,907,1237,73
1162
820,73
1407
813,580,73,1407,1407,1407
1407
1407


1407,1407,1407,1407,225,75,890,75,1407,1407,1407,1407,1407,644

34
34


34

73
1407,1407,1407,1407,441,378,34
73,1145,74,1407
1407,1407
1407,1407,1407,1407
1407,1407,1407,1407,1407
1167,74,1221,5795,74
3483,10272



76,1083,76,1393,76,1269,76,1148,76,1121,1279,76,163
76


351,74,1668
73,494

74,351,75
2405


703,1410,532,1412

13147
74,2454,73,1104,772


74



11883




16401,4297,75,3119

4207


12473



16401

9343,529


30

34

76,14320




16401,1688,1239


16401,1259
16401

13982




16401,26,2463


16401
16401,35



















16401

16401,35,16401,13982,1239,9442,5781




16401,6568,16401,5790,4122,700,34






73,5023




16401


11211
13592,1451

16401

16401,118

16401,1707

16401

34

16401,53

16401





16401,32,3593,74,2898,73



3284,132,16401


16401,35

16401



16401,35
1789,72


16401
15970




16401


16401,35



16401










16401,35






16401,15982,13135,74,10856,73,4891,16401




16401,35,73,16401,8139
16401


16401,35,16401,11106,6559,5445,1239,16401


16401,35,16401




16401,35


16401,1259
5781

12314

16401



16401,35,16401,16401,35
16401







16401,35


16401
16401,35

12314
3687
12749,1239




16401,16401,35,16401,2991,34

34












































































258










67
1187




73,16401

15970
7783,13962


16401

68
16401,35


11101,4122

34


16401



12323



16401,3048,34







34

34,99


883,26











104

132





73
3686

30

16401

1573,34,73,3685



16401

12323,1239
7005,13527



16401




34





48

34

69
3481











16401,35





11101,8218,16401,8227

16401























729

16401,35


14751




16401




14191














34,78




















30

728,26




4108,1316,530,22

















70

34
206




























































































1752


117
118



119
111,120
118




148



34
347

94,1,40

1,40

94

577

553
34


34
74,3861,185,34,75

2223,75,1003,781,74,3679,1049

73,1079

431


74

8990,879,73,1146,284

34

1484,26

30

64

75

64,33,41,106,26

33













1421
26
1051,26














64


575,26
68

1287,26












































































































139
34





34


136

























































































107

97

86

73,1407
1407,1407,1407
1407,1407,1407,1407,760
1407

91
104
112



1407,1407,1407,1407,1407,1407,1407,1407,1407,1407,1407,1407,1407,1055,1407,1407,1407
1407,1407,1407,991

717,34
30
34


73,1407,1407,905,1407,1407,1407,1407,1407

1407,1407,1407,1407,1407,1407

1407
1407,1407,1407,1407,1407,1407,1407,1407

907
1407

1407,1407,1407,1407,1407,1407,1407,1407,1407,1407,1407,1407,1407,1407,1407,536,34

34

118,1407,1407,1407,732

1407,1407,1407

1407,1407,1407,1407,1407,1407

1407,1407,1407,1407,1407,1407,1407,1407,1407,1407

1080,1407,1407,1407,1407,1407,1407,1407,1407,1407

1407,1407,1407,1407,1407,1407

1407,1407,1407,1407,1407,1407,1407,1407,833,1407,1407,1407,1407,1407,1407,1407,1407,1407,1407,1407,1407,1407,1407,1407

1407,1407,1407,1407,1407,1407

136



1407,1407,833,1407

1407,1407,1407,1407,1407,1407,1407

1407
1407,1407,1407,1407,1407,1407

1407,1407,1407,1407,1407

1407,1407

1407,833

1407,1407,1407,1407,1407,1407,1407,1407,1407,1407,1407,1407,1407,1407,1407,1407,1407,1407,1407,1407,1407,1407,1407,833

1407,1407,1407

1407,1407,1407,1407,1407,1407,1407,851,1250,461,1407,1073,1407,1407,1407

1407,1407,1407,1407

1407,1407,1407,73,1407,1407,1407,1407,1407,1407,1407,1407,1407,1407,1407,1407,1407,1407,1407,1407,1407

1407,1407

1407
1407,1407,1407,833

1407,1407,1407

1407,1407,1407,1407,1407,1407

1407
1407,1407,1407,1407,1407,1407,1407,1407,1407,1407,1407,1407,1407,833,1407,1407,1407,1407,1407,1407,1407,1407,1194,1239,1407,1407,1407,1407,1407
1407,1102,1407,1407,1407,1407

1407,1407,1407,1407,1407,1407,1407,1407,1407,1407,1407,1407,1407

1407,1407,1407,1407,1407,1407

833,1407,1407,1407,1407,1407,1407,1407

1407,1407

1407,1407,1407,1407,1407,1407,1407,1407

1407,1407,1407,1407,1407,1407,833

1407,1407,1407,1407,1407,1407,1407,1407


1407
1407,1407,1120,1250,1407,1407,1407,1407



1407,1407,313,1407,1407,1407


99

100

1407,1407,1407,1407,1407,759,1407,1407,1407

1407,1407,1407,1407,1407

1407
1407

1407
1407,1407,1407,1407,1407,1407,1407,1407,1407,1407,1407,1407,833,1407,1407,1407

1407,1407,1407,1407,1407,1407,1407,1407,1407,1407,1407,1407,1407,1407,1407,1407,1407,1407,1407,1407,833,1407,1407,1407

1407


1407,1407,1407,1360,1250,1407,1407,1407,1407,1407

1407,313
1407,1407,1407,1407,999,1407
1407,1407,1407,1407,1407,1407,1407,1407
1407,73,1407,1407,1407,1407,1407,1268,294,34,117
1407


34

1407,906,1407,1407,1407,1407,1407,1407,1407,1407,1407,1407
1407,1407
1407
1407,1407,1407,1407,1407

114

1407,1407,907,1407,1407,1407,1407,1407,1407,1407,1407,759,1407,1407,1407,387,1239,1407,1407,1407

1407,1407

1407,1407,1407

1407
1407,1407,1407

1407,1407,1407,1407,1407,1407,1407

1407,1407

1407,575
1407,1407,1407,1407,1407,1407,1407,1407,1407,1407,1407

1407,174
1239,1407,1407,1407,1407,1407,1407,1407,1407,1407,1407,1297,1407
1407

1407,1407,1407

1407,1407,1407

759,1407,1407,1407,387,1239,1407,1407,1407,1407,1407,1407,1407,1407,1194,1407,1407,129


1407


1407,1407,1407,1407,1407,1407,1407,1407,1407,1407,1120,1407,1407,1407,1407,1407
1407,1407,1407,1407,1407,1407
1407,1407,1407,1407,1407,1407,981
1407


1407,1407,1407,1407,1407,1407,1407,1407,1407,1407,1407,1407,1407,1407

1753
1407


1407,1407

1407,1407,1407,1407,1407,833
1407,1407,1407

1407
1407
1407,1407,1407,1407

1407

1407,1407,1407

1407
1407,1407

1407,1407,1407,1407,1407,1407,564,1250,1407,1407,1407,1407,1407,1407,1407,1360,1407

1407,1407,1407,1407

1407,1407
1407,1407

1407,1407,1407,1407,1407,1407

1407,1407,1407,1407,1407,1407,1407,1407,833,1407,295,1407,1407,1407,1407,1407,1407,1407,1407,1407,1407,1407,1407,1407,1407

1407
1407,1407,1407,1407

1407,1407,1407,564,1407,1407,1407,1407,1407,1407,1407,1407,1407,1407,73,1407,1407,1342,1407,1407,1407,1407,1407,1268,1407,1407,1407,1407

999,1407,1407

1407,1407,1407,1407,1407,1407,1407

1407,1407,1407,1407,1407

1407,1324,1239,1407,1407,1407,1407,1407,1407,1407,1407,1407

1028,1407,1407,1407,1407,1407,1407

1407,1407,1407,1407

1407,1407

1407
1407

1407
1407

1407,1407,1407,1407,1407,1407

1407,833,1407,1407,1407,1407,1407,1407,1407

1407,1407
1407,1407,1407,1407,1407,1407,1407
1407
1407
1407,1407,1407,1407,1407,833

12773,117


16401



15982,117

16401

122,1,36

3053,281,53,210




16401,35
1,53


87
1429
31
31







16401





16401,35





16401



16401,35




16401


16401,35

462,26
6122

30

16401





16401,35






14811,1685,10655








13973



16401
16401,35




16401,10664
16401



16401,35

16401
16401,35

15527,117,7782



16401

8880,116





16401

60


26

15983,16401



16401,35,117





16401
6833,34

706
12785
34
1451,1451,1052


































































1822






































122,1


3319



1,53




551,57
































494

41

493

319

493
41


41,319

492

41

654

654
















































































1789














1789











































1210,1

4168

1,63




903,57
1210,1



4169

1,63










903,57












































































210

34

34

114,555,34

30
34


642

65,714,34
34


69
34


1673




34













225
















































76
34,1123














































34
















































































65,601

34

34












19

883,26







65,134

26,34





30
34










2039






















128,1,36,69


1,69









296






306,57


104,1407,1407,1193,1407,1407,1407,1407,1407
1407,1088,717,34


34






182
615

427


71,139,34
371,263

34

398

93
34
30


232

1158,1407,1407,1407,1407

1407,1407,1407,1407,1407,1407,1407,1407,1253,34

34







148
667
156,128,114,142,143,137,137,124,140,141,129,143,134

133,139




143
138,140
136,137,138,133,144,140,142,171,118,123

142,156,102,143







163,548,129,856

113
34

1407,1407,1407,1407,1407,1407,1407


1407,1407,1407,1407,1407,1407,1407,1407,1407,1407,316,95,284,114,1407,1407,1407,1407,1407,1407,1407,1407,1407,1407,1407


1407,1407,1407,1407,1407,1407

1407,1407,1407,1407,1407,1407,833,1407,1407,232,97,1407,1407,1407,1407,1407,1407,1407,1407,1407,1407,1407

1211,89
1407,1407,1407,1407,1407,178,94,1407,1407,1407,1407,1407,1407,1407,1407,596,74,1407,1407,1407,1407,1407,1407,1407,1407,1407,1407,1407,1407,1407,1407,1407,1407,508,114,1407,1407
1407,1407,1407,1407,1407,1407,1407,1407,1407,1407,1407

1407,1407,1407,1407,714

73,1407,1407,1407,1407,1407,1407,1407,1407,1407,414,112,1407,1407,1407,1407,1407,675,112,1407,1407,1407,1234,96,1407,1407,1407,1407,1407,347,113,1407


1407,1390,113,554,90,1407,1407,1407,119,86,1407,1407,1407,1407,1407,1407,1407,1407,1407,414,85,626,68,731,94,453,92,808,74,1407,1407,1407,1407,1407,1407,1407,1407,1407,161,118,1274,114,695,71,951,76,1407,1407


1407,89,34,116,1407,1407,1407,1407,1407,1407

1407,1407,1407,1407,1407,1407,1407,1407,1407









1407,1407,1407,1407,1407,1407,1407,88,118,1407,1407,1407,737







34


79,703,34
34

92,280,34
125,1407
1407
1407
1407,1407,1407,1407
1407,1407,1407,1407,1407,1407,1407,1407,1407
1407,1407,1407
1407,1407,1407,1407,833
1407,1407,1407,1407
1407,1407,1407,1407

1407,1407,1407
1407,1407,1407,1407
1407
1407,1407,1407,1407

34

1407,1407,1407,833,1407,1407,1407

1407,1407,1407,1407,1407,1407,1407,1407,1407,1407,1407,1407,1407,1407,1407

1407,1407,1407,1407,1407,833

1407
1407,1407,1407,1407,1407,1407,1407

1407,1407,1407,1407,1407,1407,1407

129

1407,1407,1407,1407,1407,1407,1407,1407,833,1407,1407,1407,1407,1407,1407,1407,1407
1407,1407,1407,1407,1407,1407,1407,1407,1407,1407,1407,1407,1407,1407,1407,833,1407,1407,1407,1407,1407,1407
1407,1407
1407,1407,1407,1407,1407,1407


1407,1407,1407,1407,1407,1407,533,147,1146,953,114,1300,127,351,34

34
184
301
137




139
141


109,494,34,84
148
125


116
124


125
141
135



1407,1254,81,1407,1407,1407,1407
1407,589,82,1407,1407
136
1407

125

124
133

118
130



1407,1407,1407,1407,1407,1407,1407
1269
81,890
122
1407
1407,1407,1407,1407
139
117


1407,1407,1407,1407,225,114,1407,135,88,351,122,1407,1407,1407
1407,526,98
1407,1407,1407,534,99,1407,1029,105,1407,1407,106,84,1407

1407,1407,1407,1407,1407,1407,1407,1407,1407,1407,1407,1105,122,1407,1407,915,123,1407,284,99
1407,1407,1407,1407
1026,120,1407,1407,1407,1407,1407,200
85
1407,1407,1407,1407,1407,1407,1407,1407

1407,1076,99,1407,1407
1407,1407,1407,1407,1407,1103

34
127
150



162
95


143

90,626,34
121,1407

1407,1407,1407,1407,1407,1407,1407,1407,1407,1407
1407,1407,1407,1407,1407,1407,1407,1407
1407,1407,1407,1407,833,1407,1407,1407,1407,1407,1407,1407

1407,1407,1407,1407
1407,1407,1407,1407
1407
1407,1407,1407,1407,1407,1407,1407,833,1407,1407,1407,1407,1407,1407,1407,1407,1407,1407,1407,1407,1407
1407,1407,1407
1407
1407
1407,1407,1407,1272






84

34


111,1043,903,34






34






92

74,970



984,34



34

74,1153,341

78,1150,350

239
236,195


116
1407,1407,1407,1407,1407,1407,1407,1407,1407,1407,1407




1407,1407,1407,1407,1407,1407,1407,1407
1407,1407,1407,1407,833,1407,1407
1407
1407,1407,1407,1407,1407
1407,1407,1407,1407

1407,1407,1407,1407,1407,1407,1407,1407,1407,1407,1407,833,1407,1407,1407,1407,1407
1407,1407,1407,1407,1407,1407,1407,1407,1407,1407,1407,1407,1407,1407,1407,1407,1407,1407,833

1407,1407,1407,1407

1407,1407,1407,1407,410,34,117,1407,1407,1407,1407
1407,1407,1407,1407,1407,1407,1407

1407,1407,1407,1407,1407

34
1407,1407,1407

1407,1407,1407,1407,833,1407,1407


1407,1407,1407

1407,1407,1407,1407,1407,1407,1407,1407,1407,1407,1407,1407,1407,1407,1407,1407,1407,1407,833,1407,1407,1407,1407,1407,1407,1407,1407,1407,176

671,1578,121

926,26




30

94,1407

1407
1407,1407,1407,1407,1407,1407,1407,792,34

909,2066

34












233
























96,1407
1407
1407,1407,1407,1407,1407,1407,1407
1407,1407,1407
1407
1407,1407,1407,1407
1407,1407

1407,1407,1407,1407,833,1407,1407,1407
1407,1407,1407,1407,1407
1407,1407,1407,1407,1407,1407,1407,1407,1407,1407,1407
1407

1407,1407,1407
833,1407,1407,1407,1407,1407,1407,1407
1407,1407,1407,1407
1407,1407,1407,1407,1407,1407,1407,1407


1407,1407

1407,1407,833,1407,1407,1407,1407,1407,1407,1407,1407,1407,1407,1407,1407,1407,1407,1407,1407,1407,1407,1407,1407,1407,1407,1407,833,1407
1407,1407,1407,1407,1407,1407,1407,1407,1407,1407,1407,1407,913,34

34




1340
34


1341










34









2189

1721



30



















































































































144

1343

145


34


















125
34













34

98










2301









34
78

30






887,26










2283









1216,1,247


1,63


923,57















1216,1,238


1,63



147
34,206





905,57










































69
2086







1768












189

139


1210,1

4536

1,63

925,57





1784



34

95,1420
34

34

101
1452,34

34

884,26


347

94,1,40

1,40
94


633

64
33

33

41
106,26







































































84

92









829,116,1488,116,31,116

30
836,26,755,2065














1021

1021















2307




1811


30


95
1187


































100

























886,26








99











80

69
2674
















65,30



30









728,26
















1752




















69














1519






















94,1,40

1,40

94
588

























884,26

64
33,41
106,26


33






260

102,1407,1407,1407

1407,1407

30

1407
1407,1407,1407,1407,1407,902,852,34

34

69
1628




































































512

137
616


102

130


131
125


125
112
128



129

117

131

122
120
132


126


128
127
126


118
163
117



200
117




















884,26



82,1407,1407,1407,1407,1407,1407,1407

1407,1407,1407,1407
1407
1407,1407,1407

1407,1407,1407,1407

1407,1407,1407,1407,833,1407,1407,232,34,125,1407,1407,1407,1407,1407,1407,1407,1407

34
1407,1407,1407,1407,1407,1407,1407,1407,1407,895,82,1407,1407,1390,82,1407,1407,1407,1234


98,1407,1407,1407,1407

1407,1407,1407,1407,1407,1407

1407,1407,1407,1407

1407,1407,508,82,1407,1407,1407,1407

1407,1407,1407

1407,1407

1407,1407,1407,1407,1407,1407,1407,1407,714,118,1393,82,1407

1407,1407,1407,1407,1407,1407,1407,1407,1407,1407,1407,1407,1407,1407,1407,1407,1407,1407,1407,1407,1407,88,96,671,79,1407,284
119,1407,1407,1407,1407,1407,1407
1407,1407,1407,1407,1407,1407,1407,1407,1407,1407,1407,1407,1407,1407,1407,1407,1407
833


1407,1407,1407,1407,1407,1407,1407,1407,1407,1407,1407,1407,1407,1407,1407,1407,1407,1407,1407,1407,1407,1407,1407,833,1407,1407,1407,1407,1407,1407,1407,1407,1407,1407,1407,1407,1407,1407,1407,1407,1407,1407,1407,1407,1407,1407

1407
833,1407,1407,1407,1407
1407,1407,1407,1407,1407,677,34,82,856,98,1407,1407,1407,1407,1407,1407,1407,1407,1407,1407,1407
1211,82,1407,1407,1407,1407,1407,178,78

626,85,1407,1407,1407,1407,1407,177,82,1407

1407,1407

1407,1407
1407,1407,1407,596
99

34

1407
1407,1407,1407

1407,347,82,1407,1407,1407,1407,1407,1407,1407

1407,1407,414,82,1407,1407,1407,1407,1407,675,96,731,123,1407,920,102,1145,124,1407
1407,1350

112

79,1407,1407,915,34

34

156

102,1407,1407,1407,1407,1407,1407,1407,1407,1407,1407,1407,1407,1407,1407
1407,1407

1407,1407,1407

1407,1407,1407,1407,833
992,34

34

168

84
1407,1407,1407,1407,1407
1407
1407,1407
1407,1407,1407,1407,1407,1407,1407

1407,1407

1407,1407,1407,1407,1407,1407,833,1407,1407,1407,1407,1407,1407,1407,1407,1407,1407,1407,1407,1044,34

34

164

101,1407,1407,489,34

34

162

101,1407,1407

1407,1407,546,34

34

110

82,1407,1407,1407,737,34

34

119

78,494
34

34

124

300,1407,1407,1407,1407,1407,1407,1407

1407,1407,1407,1407,1407,1407,1407,1407,1407,1407,1337,34

34

84,1407
1407,1407,1407,1407,589

156

129

136
113


104
112


113

129
123

124
121,106


118
127



117
122


227


84


92






84,1407,1407,1407


1407,1026,34,84,1407

1407,1407,1407,1407,200,99,1407,1407,1407,1407,1407,1407,1407,1407,1407,1407,1407,1407,1407,1407,1407,1407,1407,1407,1407,1407,1407,1407,1407,833,1407,1407,1407,1407
1407

34

1407,1407,1407,1407,1407,1407,1407,1407,1407,1407,1407,1407,1407,1407,1407,1407,1407,1407,833,1407,1407,1407,1407,1407,1407,1407,1407,530,102,1407,1407,1407,1407,1407
673,1587,121,918,36,26,755,2065

1407,1407,1407,1407,1076












1004

1005


























2098
1916



















87,1407,1407,1407,1407,1407,1407,1407,1407
1407,1407,1269,34

79,1407,495


87,890
87,1407,1407

1407
1407,1407,1407,1407,1407,1407,225,83,1407,135,87,1407,1407,1407,534,83,351,87,1407,1407,1407,1407,526,103,1407,1407
1407,1407,1407
1407,1407,1407,1407,1407,1407,1407,1105,88,1407,1029
105,1407,1407,106,133,1407,1407,301,90,1407,1407,1407,1407,1407,1407,1407,1103





34












108



610



16401,26,16401,26

16401,26










16401,26,16401,26



16082

67
1205

































96




883,26






98
206






107


76









69
3267





272








78

154










83,1407,30,34

34


884,26

347




133,1321,34
1752



34

94,1,40

1,40
94


584

64,33
33

41,106,26



34,19


























122

462,26

30
































1764


1210,1

4531

1,63

87

870

917,57
26

234,1407,1407,1407,1407,1407

1407,1407,932,34

26
34























41,26




41,26






























































































































1789
































1210,1

4169




1,63


903,57




















































1755




































122,1,32


4058,281,53,147




1,53
87


227
535






















50,39,67
26

30



















































































1721



1210,1

4165




1,63




87


239
535


895,57

26


26








585,26
34







34
30






































































































































































































































































































34,19




































1811

























1210,1



6604

1,63

883,57





34




19









































































































































