















































1895





122,1

4357

























217



72

2681,300,4

37,1,40





239,1,40,64


1924





1924


122,1

2963







122,1



1,53
87
205

230







215



551,57,26

26



72,2609

300,4




37,1,40







254,1,40,64








































94






33


33









125,85,34
34








1905


122,1

2927





1,53
87


551,57,26

26




1245








128,1,74



1,53
625


1910



122,1

3372
















565,257
1,53

87
412
1503





134

551,57,26

26

132

444,132,34
34

119

1398







63,206
34

34

119
1190


64,205
34

34

149

1432

3643



64,296,34
34

120

489

64,72,34
34

132

1420

655

64
47,34

34

145
978


64,78
34

34

124

155

64,145,34
34

127
960


64,139,34
34
















































1894





1210,1

3963




































1,53
87



549,57,26

26




















































1906


1906










1906
1906


1906


1906






1210,1

1210,1

3994





3994

1210,1

3994

1210,1

1210,1

1210,1

3995

3994



3995
























1,53

1,53

87

104




549,57,26

549,57



26




26



19

























1,53

1,53

104

104



1,53
104


549,57

549,57,26

26

19

19





549,57,26

19











1,53

104


549,57,26

19














































































































































































143
1425





















































































1894









63,208,34

34
























































1210,1




6447























1904










































































1210,1

3980















































1,53
87



549,57,26


26






























































1,53



87



549,57


26

26



















































































































1898


1905





















1210,1









4820

1210,1



9057


1908
























1210,1










9492

































































1,53

87
1,53


87

549,57



26

549,57


26


26
26
























1,53


87



549,57

26

26































































































































































































































































































































































































































































































1899








1210,1





3996




















1895


122,1

4493




1,53




87















549,57

26

26















































































































































































1895


1895



1895






1895











122,1

122,1

122,1



4493

4493


122,1

4493

4493











1895



1895




1,53
1,53


1,53

122,1

4493

519,57
551,57
519,57
122,1

4493









1,53









87
744


176

551,57



126
146


147
141


26
141
129


144
145

133
139



149
138
130
143



147
142



140
154
142
129




134
174
131
143
149








131

147
145
144


149
144


169

141

145
135


133
139


140
142


144
151

129


127
128


135

129

129

149
144


138
139


136
133

142


139

137

174
164


190
138

131
131
131




125
129

104


104


1,53
1,53


26





34


104
104


26

26

104

1894
19






19





551,57

551,57

19



19


26

26


19




126

118
161


160

158

96
34

26







219
1407

1407,1407,1407,1407,1407,1407,1407,1407,1407

1407,1407,1407

1407,1407,1407
1407

1407,1407,1407


1407,1407

1407,833,1407,1407,232,34

34

175,1407,1407,1407,1407,1407,994

1407,1407

1407,1407


1407,1407,626











117,1407,1407,950


1407,1407,1407,119,1407,1407,1407,1407,1407






1357,1407,1407,1407,171,1407,1089,528,34



34

1210,1




3962








141
1407

1407,1085,1407

1168,34,141,626

34

140,1407,1407

1075,1407,1407,1407,1407,1407,1407,76,1333,34,138,615

34

138,1407,1407

1049,1407,1407,1003,523,34

34
116,1407,1407,1407,1407,1407,318


118,671
34,142,1104,387



142,1407,129

34

1,53
87


119,1238
549,57,26

26

157

1407,1407,1067,1407,1407,1407,1407,1407

1407,1407,944,1222,156,1407,193

34
140,1280,147,267,138,1407


1094,138,1407,955,1407,96,1407,1407

1407,1407,1407,278,116,1407,1407,1098,1407,1407,911

100,1407,809,997,119,231

141,494,34,100,1407,1407,882,1407,1407,1047,391,120,883,811

34

117,1407,1407,1407,1407,1407,1407,1407,1407,1407,602

669,118,1407,1407,280,118

1407,1407,1081,682,118,351,142,1407,1407

1407,1407,1407,1407,1407,1407,1407,1407

1407,1407,1407,1407,1407,1407

1407,1407,1407,1407,1407

1407,1407,1030,1407,1407,1407,1407,1407,1407,1407,1407,1407,1407,412,120,1407,1407

1407,230,124,884,163,149,1407,727,1178,34,149,1407,1407,1407,1407,1407,377,1407,1407,1407,1407,1407,1407,1407,1407,1407,1407,1407,1407,1407,1407,1407,1407,1407

1407,152,1407,1407,1407,1407,1407,1407,1407,1407,1371,1407,1173,1407,378,1301,1407,1407,177,1407,1407,1407,1407,1407,1407,1407,1407,1407

1407,1407,1407,1407,1407,1407,882,389

34

125,284,125,1407

1407,1407,1407,1407,823,1407,1407,1407,1281,148,1407

1407,1407,1407,1407,1407

1407,1407,1407,1407,1407

1407,1407,1407,1407,1407

1407,1407,1407,414,1250,161,1407,1407,1407,1407,573,150,1407,1407,1016,1254,1251,1254,1254,1251,109,1407,1407,904,1288,760,1254,1407,1092,1249

1407,1088,1407,1085,1252,160,1407,838

1254
1251,1254

1254,1251

1254
128,1116,34,1407,1089,150,1105

34

1407,1092

1254,1249

1249,1407,1088

1407,1085

1252,149,1407,1407,1407,1407,699,34,1252,1249,1407,1088,127

1407,1407,1407,1407,542,765

34

1249,1252

1407,1088

129,163,126,1074

1407
1088

1407
1085,1407

1080
147,351,165,1407,507,1407,1088,126,1407,1407

1407,707,128,731,110,1127,1407,64,1407,1084,1407,48,1407,1086,1407

34

983,128,1407,1407

925,1407,1407,1407,1407,1407,1407,1407,1407

1407
1407,518,1407

1083
1407,1083

1407
1086

1407,1083,1407,1407

1407,753,150

1407,1407,1407,1407,1407,831,1246,1407,1083,1407,1092,1407,500,34,1251,1251,1251,1407,1407,1407,753,1407,1092,1407,1407,1407,750,1249,1252,1407,1086,1248

1251,150,914

1407,618,1252

1251,1251,1252,1248,1407,1407,918,1249

1252,1407,1086,1407,1407,918,1251,1252,1407,1083

1407,1085,1407,1407,1407,753,1407,1083,1252,1249,1407,1407,1407,753,1252,1407,1407,1407,753,118,126,626,1407,1088,1407,1407,1407,753,1248,1407,1407,918

1249,1252,1251,1251,1251,1252

1407,1085

1407,1078

1252,1407,1083,1249,1407

1088,1407,1086

1252
1407

1083
1249

34

1252,1251,1407,1407

918
1407,1083,1407,1085,1407,1407,1407,753

1407,1088,1407,1086

1407,1407

1407,750,1249

1407,1407,1407,753

1407
1088

1407,1085,1407

1088
1407,1085

1407,1085,1407,1407,1407,753

1407,1083,1407

1086,1252,1252,1248,1407,1407,1407,1407,588,1252,1249,1407

1407
1407,753

1407
1407,918,1251

1407,1407,1407,193

1407,1087,1407,1407,918,1407,1407,110

1407,1083

1407,292,1407,1407,1407,1167,1251,1407,292,1251,1248

1407,1407,1407,1407,1002,1251,1251,1251

1248
1251

457
1407,1407,1342,1241

1407,1407,1407,1177,1407,1086,1248,1251,1407,292,1407,1407

1342,1407,1076,1407,292,1407,1083,1407,1076,1251,1251,1407,1407

1407
1407

1407,1268,1407,1083

1407
292,1407,1407,1342,1407,1076,1407

1086
1251

1407,1407,1407,1407,1407,1407,309,1407,1083,1246,1248,1407,1407,1407,1407,1002,1407

1407,1407,753,1407,1407,1407,1407,1407,1407,1407,144,1241,1407,1407

1407,1177,1407,1407,1407,753,1407

1083
1407,1407,1407,1407

1407,1268,1407,292

1407,1407


1342,1251,1251,1407,1407,1342,1407,1076,1251,1248,1407,1407,1407,753,1407,1407,1342,1407

1083,1251

1407,1407,918,1407

1407,117,1407,1407,127,1407,1407,1407,753,1251,1251,1241,1407,1407,127,1407,1407

1342,1407,1076,1407,1407,117,1407,1407,127,1248,1407,1407

918,1407,1407,1342,1407,1076

1407
1407,1407,1407,1407,1268,1407,1407,1407,1407,1407,1268

1407
1407

1407,1407

1407,423

1407
1407,1407,1407,1407,1268,1407,1407,1407,750

1407
1407,1407,753,1251,1251,1251,1407,1083

1407,1083,1251,1251,1248,1407,1407,1407,1407

211,1248,1251,1407,1407,1407,1407,218,1407,1407,1407,1407,1002,1407,1407,1407,753

1407,292,1407,1407,1407,1407,1002

1251,1248,1251,1407,292,1251,1407,1407,1407,1407,1002

4923,1682,8218,1248,1251,1241,5347

4122,1682,4122,8218,8218

4122,99,34,1251

34

3698
7370,1251,6035,1251,5347,6993,8218,5778,2466,4122
4909

8656
4553,700

128,853,295,34
34

128,11811,34

34

112
3882

16401,4343

322,34
34

126,2718

128,280,149
3757,5177,129

2155,34,151,1073,11948

34

129,859,118,34
110,932,289

34

149
1064,867
















































151





15991





16401,92















16401,68













215
6571


10012

158






16401

16401,118,8298,8445,4354



12491,1337,8290,7038


12321,3833

4010,34

34




1904





1895




1210,1

4578




122,1,36



5080,281,53,218































1,53

87



















307































116
3686

11891,1240,4446,449,34

144

221


60

34


26




117

3685




16401,26

14754






16401,26




12314,1682



8218

1241,9443

5778,10658,2897,9443,1682



16401

2475,1682

10658

12314

1682,5337,9443,1682

10658,9874,4122,4122,4122,235,34













































34


1,53
87




















549,57,26












26

111


3674

6570,1254,2479

2477

1252
1252,1252

1249
2478

837,34
34

94,3674



12314



16401,26,16401





16401,35,16401,8227



16401,3795,116
3673

4122,5339

16401

16401,35












16401





16023
























































1901




1901


174


155,1

6566

1,69
553





155,1

6566

1,69







126,943,226,34
34
















98





98



142



3856

2075,22





221




1894




1210,1



6446









78

16401
15970

16401



16401,35,79,16401,16401,35

16401,16401,35



16401,16401,35







16401






16401,35



14790,34





34





1895



1895





16401

3048













1,53

87

549,57,26

26

123
122






1895




142

122,1,36

5006,281,53

122,1,36

5006,281,53



115,2641,34

34



115,943,147






























73

14311,1676

4122
4122

6562,1251

11089,9874,4122,4122

4122,4122

1241,9443,2897,7003
6562


9874

6562,1251
8218,2897,1251,4553

2466,1682,4122

4122,1241

5920,34


232
34


143
137


146

144

144
















145





1,53
1,53








104
87



324
206


122,1,36

5006,281,53

1899







1,53

104




















1891





1210,1

4099



6446



102,1,40
1,53










87

218
1,40
549,57





64





























26















26





94

33



33





































































































94,16401



16401



35
























16401


















16401,35





174


174,57

57,26

11650,34,91,1073,383

19







26
34




26
92,1116,883,92

3892,247,74,3873,1269


92,3646,4273





1443,897




















75,942,1229,34,93,3674,2472


174,57
348
1253
34

4545






19


26

1245,2903,2466,1682,8218








2466,6993,1251


5778








1241,2907,2466



4122,1682,4122,2466,1251









6993,1251,4553,1141,979


































































































































































1900
1900




122,1,46,2346,97,69

122,1,46,2346,97,69

1,69
1,69


87
284

104


101


282
282,56,26
282,282,56,26








26


19





1895


19










1900


122,1,36

3573,281,53,210



122,1,1017,1517,79






1,53

87

834,1577

116,932,26
912,2098,26































60

26

1,53
87






































174,69


26



26


































1896



































































1210,1


3979























1896























































































1210,1

3979








































































1898


1898




1898


155,1,36

4418,281,69

155,1,36

4418,281,69







155,1,36




4418,281,69



1,69

282
282
57
1,69







1,69

282,282,57


1119
92


89
931
87
829
87






26
26

104



282,282,57





19

1,53
87






1,53
104


26
26
26

610





16401,26,607


16401,26



1895







549,57,26

549,57,26

16401,26


16401,26

26
16401,26


19





16401,26,16082




16401,26















16401,26




16401,26,16401,26



16082







1485,26

122,1,36

3573,281,53,210



1930


1,53
104


19







918
1346

1451,227

26
1930


636

93


73
75


60,19




155,1,42

5575,281,53













155,1,42

5575,281,53



1051,26

1422

26


1287


26

































575,26


255




















1,53
1,53
825








1451
1451,1451

1451,1451,1451


1451,1451

1451
1451

1451
260

1451,1451

1451,1451

1451,1451


1451,1451,1451,1451

1451
1451,1451,1451

1451
1451

1451,1451

1451,1451,1451,1451

1451,1451

1451,1451

1451,1451

477,5263

1451,1390

86




613

16401,26,16401,26,6973

30

34

137





19






19







92
























1907


1907
















132










1896










15714





1896
16401






16401










1210,1

1896


4208









1210,1

4208

122,1,1017


1517,79

16401






1,53
87


16401,53






16401

122,1,36




3573,281,53,210

1,53

87
270


16401,16401,16401,53



16401




16401

122,1,36




3573,281,53,210




166,69,26

1,53

26

104



19


16401,16401,53




















60,188,30
16401






26



16401


16401,16401,53







16401




1,53

87

549,57,26

26



60

16401






16401



16401,53

16401



16401





16401








1,53
9712



104





16401




16401





16401



549,57


16401,53,16401


19
16401,16401








16401,53







16401




26






16401
16401








16401,53,16401,6307


16401

16401










16401

16401,53

16401



16401,16401,16401,53

16401






16401,16401



16401,53






16401,16401,16401,10101

16401


16401



16401,16401,53

16401





16401

16401,16401,53



16401




16401



16401,16401,53






8989





























1900





122,1,46,2346,96,69


1,69

87
321
1207



77
1473



282,282,56,26

26





82
1586
1895
1895
2037











1895


122,1,36,2437,95,69

882,26
122,1,36,2437,96,69

122,1,36,2437,96,69

885,26

1,69

87

1,69

87

1,69
104


887,26

306,306,57
26

26
306,306,57,26
26

306,306,57,26
19







128


250



287,1207

262
181

486,5682

264

114,645,34
34

135

65,482,34
34





19














34,19


34
19



19



19




125



462,26
19


19






122

65,531,34
34







94

65,494,34
34

94

30

65,492,34
34

251

65,658,34
34



638

113
34

79
1586

79



644

146
327


155

30






71,199,34
331,219
34

891,26

313













181,1407,863

1407,1407,1407

1407,1407,1407,1407,1407,1407,1407,1407,917

1305,1407,1407,1407,1407,1407,1407,1407,47,752,34

34










181
151,172


164
163,161


179
149


150
144


144
132


147

148

136

142

152
178


144

141

134
145


146

133
146
150



138
136


142

143

145

147

154

132
130


131
148
147



141


142
139


136
145


254
142


140

30
135
129












1654










76,1228,1407,1407,1407,356,34,76,1407,1407,683,323,74,923,54,76

34

1407,1407,983,1407,1088,1407,1407,1407,1407,335,1178,76,1407,1000,1385,1259,1407,61,1407,78,75,1407,1407,1407,1407,1407,870,1407,1407,1399,281,76

1407,1407,723,164,76,1102,1407,1407,1407,1407,1407,1407,1407,1407,1407,1407,1407,1407,1407

1407,1407,531

534,76,1407,1407,1407,1407,1407,1407

1407,1407,1407,1407,1407,1392,76,284,73,1320,74,1122,76,1105,76,562,76,1407,1407,1407,1407,1407,837
76,1407,1407,1091,1407,1407
1407

1407,1407

1063,1292,1407,20,1329,438,76,1407,1407,984,724,76,494,34,76,351,76,1407,1407,1407,1407

1407,1407,1407,1407
365,76,941,76,1407,1407,971,850,76

34

1407,129,76

626,1407,331,76

1407,1407,1407,1407,1407,536,75,1407,1405,76,1090,646,74,1407,1407,914,1407,1407,1407,1407,1407,1347,995,76,1407,1407,963,1407,1407,1407,1407,1407
1407,1407,1407,1407,1407,461,76,1187,1407,1297,76,1407,1407,1407,1407,1202,1407,1003,445,75,1407,808,460,76,1407,1407

1034


1407,1407,1178,76,1407,1407,1407,1407,575,149,76,1009,221,76,1139,356,76,1407,1407,1097,1407,1407,1407,1407,1407,1407,1407,1407,1407,1407,1407

1407,1407,1407,1407,1407,1407,377,76,1150

1407,1255
76,1407,802,464,76,1407,1407

1407,1407,1407,1407,1407,707,1407,1407,1407,1407,1407,1407,1407,1407,1407,46,76,1407,1407,1407,1407,1407,1407

1407,1407,1407,1126,1407

1328,76,1407
1407,283,76,1407,1407,474,1374,1327,1407,599,1365,1305,1407,1257,76,1407,1407,950,1153,34,76,1153,935,1383
1266,283,1407,1287

34

126,1407,1407,1407,1407,1407,1407,1407

1407
1407,1407,1407,312,1407,546,1407,1312,1407,1151,1407,1171,1407,1202

1407,1228

1407,1139

1407,1298
76,1072,1407,1214

1407,1280

1407,60,1198,1407,1182,350,34,1407,1089
1407
1211

34

1407,1230,1407,1321

1407,1283,1316,1331
1407
60,1407,105

1362,1311,1407

1295
1407,1125

1405,1291,1407,1172

1407,1338

1407,1407,1407,832
1297,34

34

139
134

134


134

76,267
34,76,351,76,1407,278,76

34

626
81
206


553





3856



1568,520,32,22







148

139

145

146

146

147

347








75

1407,787


34



34

75,1407,1407,980,246,34

34

75,1407,1407,1407,855,1407,1407,1407,758,74,1407,1077,1407,1225

74,985,413


75,1077
712

99
101


173

124






73,1407,1251,34



34









73,932,158









912,2067,839,2538


























































































































































































959





960














566

2517


2205,26

1652


161,1,36,69

1,69

87






57,26
26







1484,26








1895






















1895


598
74


122,1,36

5080,281,53,218





1,53



87






60








122,1,36

5080,281,53,218


1,53
132


104

19



60
26






65

30





575,26






87




60

30
















422


16401






16401

16401





9303


























95

30

145

338,1207

262

77
1483
77
1218





911,26

886,26



79
1586
2514





883,26







34,19


34
19




34,19

34

19



131







462,26

































1902


1902


82,2375,321,115

4

82,2375,321,116

4

37,1,40

37,1,40

234,1,40,64
94
711


33

234,1,40,64
111
497
26





33,545
544





















241

112

100,1407,1407

1036,1407,1407,1407,1407,1407,1407,1407,1407

1407,1407,1407,1407,1407,1407,1115,665,34

34

110

100,1407

1407,1407

1407,1407,1407,1407,1407,1407,1407,1407,1407,1407,1407,1407,1407,500,34

34

77,1407,1407,1013,1407,1407,1407,29,1407,1230,1407,294,1407
1175,1407,397,1407

1407,1372,1407,1407,1407,40,601,34

34
















































1899






















333
191,182
159,158,165
168
163,164








171
169
188



166







157


166


141
165







160


160



157


154

163


158








1210,1



4356
















1907























1210,1

4355












1,53

87

297

549,57,26

26

631,1407,1407,1407,1407,1407

1407,1407
1407,1407,1407,1407,1407

1407,1407,1407,1407



1407,1407,1407

1407,1407,1407,476,34

34




















34

19











1,53
87
529



549,57,26

26

217,541
26,34
34
19




118,1407,28

34
34

78,626






86

1407,1407,1407,1407,1407,1407,1407,1407,1407,414,85,1407,1407,106,84,548,87,1407,1407,1407,1407,1407,1407,1407,1407,1407,1076,87,1145,88,1407,1407

1407,1407,1026,105,690

89,1407,1407,1407,1407,1407

1407,1407,1103




















83,284
34

34

90
1407

1407
1407

1407,1407,347,91,1407,1407,1407,119,92,1407,1407,1407,89,132,1407,1407

1407,1407,1407,1407,1407,389,133,1407

1407,1407,1407,1407,1407,167,157,1407,205,203,1407,1407,1407,1407,1407,1407,1407,1407,1407,1407,1407,1407,1407,1407,1407,1407

1407,1407,1407,1407,1407

1407,1407,833,1407,1407,1407,1407,1407,1407,1407,1407,1407,1407,1407,1407

1407,1407,1407,1407,1407,1407,1407,1407,1407,1407,1407,833,1407,1407,1407,1407,1407,1407,1407,1407,1407,1407,1407,1407,1407,1407,1407,1407,1407,1407,984,105,1277,70,731

160

155
149
191



151
144


75,1407,1029,92

34

1407,1407,301,77,1407,1407,1407,1407,1407,1407,1407,1407,1407,1407,1407,1407,1105

251

155

158

76,1407,1407,1407,1407
1407,1407,1407,1407,1407,225,34

34


110,1407,1407,1407,1407,1407,1407,1407



1407,1407,1407,1407,1407,1407,1407,1407,1407,1407,1407,1407,1407

1407,1407,1407,833,1407,1407,1407,1407,1407,1407,1407,1407,1407,1407,1407,1407,1407,1407,1407,1043,34

34




113,1407,1407

1407,1407,1407,200,110,951,111,1407,1407,1407,1407,1407,1407,1407,1407,1407,1407,1407,1407

1407,1207
34

92
1407,284,115
1407,1407,915,112,1407,1407,1407,1407,1407,1407,1407

1407,1407,1407,1407,1407,1407,1407

1407,1407

1407
1407,1407

1407,1407,1407,1407

833,1407

1407,1407,1407,1407,1407,1407,734,112,1407,1407,1407,1407,1407,1407,1407

1407,1407,1407,1407,1407,1407,1407

1407,1407,1407,775


93
101


127



142,178,34
34

916,2066

837,2540

1013

1012











81

206

880,1347,1650


















312




























348










106,1407,30,34



















34









74



60



77
1510



77

1245












883,26,888,26

66,30
132










79
1586



2234



886,26
















144
















516

516





187
1581
















16026

3729





210

72



3035,300,4

37,1,40

254,1,40,64
111

26



33








546,546
64,229,34
34
















34
34
41



34
41

34




636

95
1407,1407,1096,1407,1407,1407,1407
1407,1407,1407,980,1406,1407,1407,1407,607,1407,1192,1407,477,1407,1407,1407,143,1407,1262,1407,1407,244,1348,34

34

463,26









130

96
1407,1407,1022,1407

1407
1407,1407,1407,1407,1407,952,1407,1407

1407,1407,336

1407,1024,1106,34

34



34

34

34
34

































517

517

546,546



123





117

96,1407,1407,1407,1407,1407,1407,1407,1407,1407,1407,1407,1407,1407

1407,656,706,34

34

95,1407,1407,1407

1407,1407,1407,1407,1407,1407,1407,445,1407,1407,1407,20

1407,1407,1407,1407,275

1357,1381,1227,34

34





34
34


34
34








34
34

34


79

1586




294




34
34
34


































885,26





34

34





291


34

34

95,1407

1407,1407,1407,1407

1407,1407,1407,1407,1407
1407,1407,1407
1281,34

34


352

331

162

174
166


137
123


151
152
146



146

134

149

150

138

152

143
142
148




152


161
147


147

150
148


153

148
149

149

142


154

149

180
127


131
150
198
136


142



147

140

145
147


111,156,34
34
149
156



134
123
144



94
659,95,828,75
1407
124

132
1407,1407,469

133

134

149
143





144

133


132


141
126


138
147
80,1407,1407,1407,1407,1407



142



142

1407,1407,1407,1407,1407,1407,1407,1407,1407,1407,1407,1407,1407

1407
1407,1407,1407,1407,833,113,1407,448,34,1407,1407,1407


1407,1407,418



34












79
1586

92






889,26





















119,1407,1407,1407,1407,1407,1407,1407,1407,1407,1407,1407,1407,1407,1407

1407,1407,1407,1407,1407,1407,1407,1407,1407,833,1407,1407,1407,1407,1407,1407,1407,1407,1407,1407,1407,1407,1407,1407,1407,1407,1407,1407,1407,1407,1407

1407,1407,833,1407,1407,1407,1407,1407,1407,1407,1407,1407,1407,1407,1407

1407,1407,1407,1407,1407,1407,1407,1407,1407,1407,1407,833,1407,1407,1407,1407,1407,1407,1407,1407,1407,1407,1407,1407

1407,1407,1407,1407,1407,1407,1407,1407,1407,1407,1407,833,1407,1407,1407,1407

1407,1407,1407,1407,1407

1407,1407,1407,1407,1407,1407,1407,1407,1407,1407,1407,1407,1407,1407,833,1407,1407,1407,1407

1407,1407,1407,1407,1407,1407,1407,1407,1407,1407,1407,1407,1407,1407,1407,1407,1407,1407,1407,833,1407,1407

1407,1407,1407,1407,1407,1407,1407,1407,1407,1407,1407,1407,1407,1407,1407,1407,1407,1407,1407,1407,1407,833,1407,1407,1407

1407,1407,1407,1407

1407,1407,1407,1407,1407,1407,1407,1407,1407,1407,1407,1407,1407,1407,1407,1407,833,1407,1407,1407,1407,1407,1407,1407,1407,1407,1407

1407,1407

1407,1407,1407,1407,1407,1407,1407,1407,1407,1407,1407,833,1407,1407,1407,1407,1407,1407,1407,1407,1407,1407,1407

1407,1407,1407,1407,1407,1407,1407,1407,1407,1407,1407,1407,833,1407,1407,1407,1407,1407,1407,1407,1407,1407,1407

1407,1407,1407,1407,1407

1407
1407,1407,1407,1407,1407,1407,1407,833,1407,1407,1407,1407,1407,1407

1407
1407,1407,1407

1407,1407

1407,1407,1407,1407,1407,1407,1407,1407,1407,1407,1407,833,1407,1407,1407,1407,1407

1407,1407,1407,1407,1407,1407,1407,1407,1407,1407,1407

1407,1407,1407,1407,1407

1407,1407,833,1407,1407,1407,1407,1407,1407,1407,1407,1407,1407,1407,1407

1407,1407,1407,1407,1407,1407,1407,1407,1407,1407,1407,833

1407,1407

1407,1407,1407

1407
1407,1407,1407,1407,1407,1407,1407,1407,1407

1407,1407,1407,1407,1407,1407,1407,1407,833,1407,1407,1407,1407,1407,1407,1407,1407,1407,1407,1407,1407,1407,1407,1407,1407,1407,1407,1407,1407,1407,1407,1407,833,1407,1407,1407,1407
1407

1407,1407

1407,1407,1407,1407,1407,1407,1407,1407,1407,1407,1407,1407,1407,1407,1407,1407,833,1407,1407,1407,1407

1407,1407,1407,1407,1407,1407,1407,1407,1407,1407,1407,1407,1407,1407,1407,1407,1407,1407

34

1407,833,1407,1407,1407,1407,1407,1407,1407,1407,1407,1407,1407,1407,1407,1407,1407,1407,1407,1407,1407,1407,1407,1407

1407,833
1407,1407

1407,1407,1407,1407,1407,1407,1407,1407,1407,1407,1407,1407,1407,1407,1407,1407,1407

1407,1407,1407,1407,833,1407,1407,1407,1407,1407,1407,1407,1407,1407,1407,1407,1407,1407,1407,1407,1407,1407,1407,1407,1407

30

1407,1407

1407,833,1407,1407,1407,1407,1407,1407,1407,1407,1407,1407,1407,1407,1407,1407,1407,1407

1407
1407

1407
1407,1407,1407,1407,833,1407,1407,1407,1407,1407,1407,1407,1407

1407,1407

1407,1407,1407,1407,1407,1407,1407,1407,1407,1407,1407,1407,1407,833,1407,1407,1407,1407,1407,1407,1407,1407

1407,1407,1407,1407,1407,1407,1407,1407,1407,1407,1407,1407,1407,1407,1407,833,1407,1407

1407
1407,1407,1407,1407,1407,1407,1407,1407,1407

1407
1407

1407,1407,1407,1407,1407,1407

1407,1407,1407,833,1407,1407,1407,1407,1407,1407,1407,1407,1407,1407,1407,1407,1407,1407,1407,1407,1407,1407,1407,1407,1407,1407

1407,833,1407,1407,1407,1407,1407

1407,1407,1407,1407,1407,1407,1407,1407,1407,1407,1407,1407,1407

1407,1407

1407
1407,1407,833,1407,1407,1407

34
1407,1407,1407,1407,1407,1407,1407,1407,1407,1407,1407,1407,1407,1407,1407,1407,1407,1407,1407,1407,833,1407,1407,1407,1407,1407,1407,1407,1407,1407,1407,1407,1407,1407,1407,1407,1407,1407,1407,1407

1407,1407,1407,1407,833,1407

1407
1407,1407,1407,1407,1407,1295,34,104,856

34


122
1407,1407,1407

1407
1407,1407,1407,1407,1407,1407,1407,1407,1407,1407,1407,1407,1407,1407,1407,1407,1407,1407,1407,833,3012,34

34

125

16401,6073

123
7625,34

34

97,548,34
34

95,284,124

16401,117,123

15981,85

11716,100,6443,101,16401,5218

711,1172

7965

121,12924,84

16401,7960,98

7297,98,12924

123,5404,34,101,4170

98,4289,125,351

34

115,1696

119,1453

94,626,118
531,34,95,731,122

34
4907,96,671,90,626,99,4122,96,695,96,951,163,100,808,124,478,95,494


83,7539,34

34

126



16401



16401,35,16401



16401,35



16401


16401,35

16401

16401,35

16401,16401,35,2847

85,12314,383,34

34

90,351,124,6086,83,890

82,1674,113,1661,98,10833

99,2886

98,16401,1401,34

34

117,1525,34

34

87,5339,81,1435,101,4704,121

9435,1252,9442,3326,4551,85,3936,6559
2776

4924,896,4806,1581

99,2419,34

34

83,3695,99,3244

83,3249

6217,3569

3996,384,207,121,3081

100,6586






















297
225







181













136

16401





16401,35

16401,16401,35,12686,34,97


16401,16401,35

16401
16401,35

34





16401

16401,35,11530,126,1060,243






81
206





1895






































1210,1

3995










































227
146






347



1,53
87


549,57,26





26



34
41
34



41

34
34

81

16401,16401,35,16401

16401,35,14790,34,95

34





16401,16401,35





16401,16401,35

16401
16401

35,16401,16401,35

16401,2599



93
101
101



30

183,344,34
34


























840,2540

757,2065




















1194

1194





























380

2214

1652,26








255

248

97,16401

151

16401,35







16401




16401
35,11650,34,88,1495


34




80,1420,34

34





98



16401

16401,35


16401,16401,35



13934,34

34



















74


























132











60

34

34


34






34





65,30




























77
1543























77
1420







728,26






155

131

131

133

888,26

79
1586
529




130

7819,34,122

5863,124,4236,122

34

5163

34
34


34


729,26


34

























196





462,26









583

583

544,544

34



34











34
34


34

34







34

34

















582

582

544,544


















































582

583


546

546





























79
1586

729











885,26







































34
34
34
41




34
34

41

34










34,19


34
19












34
34


34

34















34

34

34

34









34

34
34


34

34

34



34

34







34

34







34

34



































384

































1896











1210,1



240,1407,1407,967
1407,1407,1407,1407
1407,1407,1407,1159,1341
3977

1407,1407

1407,576,639,34

34




















1,53
87



353
549,57,26


26

154

153


151
148


141
188,1407


1407,1407,1407,1407,1407,1407,1407,1407,1407,1407
1407,1407,1407,1407,285,34


34

147

174



30
133
149
143
144


133

132

141






126





138
147

142




78,1407,1407,1407,534,34
74

1407,1407,106,111

1407,1407
1407,1407,1407,200
75,1407,1407,1407,1407,1407,1407,1407,1407,1407,1407,1407,1407,1105,74,1407,1029,97,1407,284,75,1407,1407,915,75,1407,1407,1407,1407,1026

34
76

1407,1407,1407,1407,1407,1407,1407,1407,1407,1076
76,1407

1407,1407,1407,1407,1407

1407,1103,74,1407,1407,301

79
1586
342






30





34
41
34
34








34
41

34

34








90


690,34,83,764,621,83,1407

1177
34

105,763,1249,70,1069,863,83

1407,205





727,26







299

236
227

227


227
140




























81
206




176




112
1407,1407,1407,1407,1407,1407,1407,1407

1407,1407,1407,1407,1407,1407,1407,1407,1407,1407,1407,1407,1407

1407
1407,833,1407,1407,1407,1407,1407,1407,1407,1407,1407,1407,1407,1407,1407,1407,1407,1407,1407,1407,1407,1407,1407,1407,1407,833,1407,1407,1407
1407
1407
1407,1407,1407
1407,1407,1407,1407,1407

1407,1407,1407,1407,1407,1407,1407,1407,1407

1407,833




1407,1407,1407,1407,1407,1407,1407,1407,1407,1407,1407

1407,1407,1407,1407,1407,1407,1407

1407,1407,1407,1407,1407,833,1407,1407,1407,1407,1407,1407,1407,1407,1407,1407,1407,1407,1407

1407,1407

1407,1407,1407

1407
1407,1407,1407,1407,833,1407,1407
1407,1407,1407,1407,1407,1407,1407,1407,1407,1407,1407,1407
1407,1407,1407,1407

1407,1407,1407,1407,1407,833,1407,1407






1407,1407,1407

1407,1407,1407,1407,1407,1407

1407,1407

1407,1407
1407,1407,1407


1407,1407,1407,1407

1407,833,1407,1407,1407,1407,1407,1407,1407,1407,1407,1407,1407,1407


1407,1407,1407,1407,1407
1407,1407,1407,1407
1407,1407,833,1407,1407,1407,1407,1407,1407,1407,1407,1407,1407
1407,1162,34,111,1407,1407,1407,1407
1407
1407,1407,1407,1407,1407,1407,1407,1407,1407,1407,1407,1407,1407,1407,1407,1407,1407


34
1407
833,1407,1407,1407,1407,1407,1407,1407,1407,1407,1407,1407,1407

1407,1407,1407,1407,1407,1407,1407,1407,1407,1407,1407
833,1407,1407,1407,1407






1407
1407,1407,1407

1407,1407

1407
1407,1407,1407,1407

1407,1407,1407,1407,1407

1407,1407,1407,833,1407,1407,1407,1407,1407,1407,1407,1407,1407

1407,1407,1407,1407,1407,1407

1407,1407,1407,1407,1407,1407,1407,1407,833,1407,1407,1407

1407
1407,1407,1407

1407,1407,1407,1407,1407
1407,1407,1407,1407,1407,1407,1407,1407

1407,1407,1407

833
1407,1407,1407,1407,1407,1407,1407,1407,1407,1407,1407,1407




1407,1407,699,111




1407,1407,1407,1407,1407

1407,1407,1407,1407,1407,1407,1407,1407

1407,1407,1407,1407,1407,1407,1407,1407,1407,1407,833,1407,1407,1407

1407,1407

1407,1407,1407,1407,1407

1407,1407,1407,1407,1407,1407,1407,1407,1407,1407,1407



1407,1407,833,1407,1407,1407,1407,1407,1407,1407,1407,1407

1407,1407

1407

1407

1407,1407,1407



1407,1407,1407,1407,1407,1407,1407,833,1407,1407,1407

1407,1407,1407,1407,1407,1407,1407,1407,1407,1407,1407,1407,1407,1407

1407
1407,1407

1407,1407,1407,833,1407

1407,1407,1407,1407,1407,1407,1407,1407,1407,1407,1407,1407,1407,1407


1407,1407

1407,1407,1407,1407,1407,1407






833,1407,1407,1407,1407,1407,1407,1407,1407,1407,1407,1407,1407,1407,1407,1407,1407,1407,1407,1407


1407,1407,1407,1407,833,1407









1407,1407


1407,1407,1407,1407,1407





347

1407,1407,1407,1407,1407,1407,1407,1407,1407,1407,1407




1407,1407,1407,1407

833,110,1407,1407,1407,1407,1407,1407,1407
1407,1407,1407,1407
1407,1407,1407,1407



1407,1407,1407,1407,1407,1407,1407



1407,833,1407,1407

1407,1407,1407,1407,1407,1407,1407,1407,1407,1407,1407,1407,1407,1407



1407
1407,1407,1407,1012,1407,1407,1407,1407,1407,1407,1407

1407,1407,1407,1407,1407,1407,1407,1407,1407,1407,1407,1407,1407,1407,1407,1407
833,1407,1407,1407,1407




1407,1407,1407

1407,1407,1407,1407,1407,1407,1407

1407,1407,1407




1407
1407,1407


1407,1407,1407,833





1407,1407,1407,1407,1407,1407,1407,1407,1407,1407



1407
1407

1407,1407,1407,1407,1407,1407


1407,1407,1407,1407,1407,833,111,1407,1407,1407

1407,1407,1407,1407,1407,1407,1407,1407,1407,1407,1407,1407,1407,1407

1407,1407,1407,1407,1407,1407,833,1407,1407,1407,1407,1407

1407,1407,1407,1407

1407,1407,1407,1407,1407

1407,1407,1407

1407
1407,1407,1407,1407,1407,833,1407,1407,1407,1407

1407,1407



1407,1407,1407,1407,1407,1407,1407,1407,1407,1407,1407,1407,1407,1407,1407


1407,1407,833








16401

16401,35



16401



16401,35





16401,16401,35



14205




16401,7302,111


16401




16401,35
1231,101,1149,245






































































































































34
34
34
34



















































34











1237
1


413

34





34


























34















128,1,72,547,57


160




21,53

26

34

93



101











1272

1273



















1245

1
1041








671



1579,121,927,26

913,2065





988

128,1,72,547,57

21,53

26
26






2205

322,1346






534,1407,960,26,34









534,1407,977,26,34






34

34







1030



319

150












128,1,414

1,53





87
708








166,69
26,30,281,26

26


















101,1407,228,34

34








82,1294,34
34






74



60





707

422

132

78

30

277,26

30,107

26

414

414

30
107,26

30
107,26








77
1578



77
1455


888,26

882,26









79
1586



1807














892,26







204

462,26










19



619

619

544

544



34



34

34

34

34



34































34
41
26
19








34
19




















34
34
19
19










34

34

207
392


197

109
1407,1407,1407,1407,1407,1407,670,1252,1252,1249,1407,1088,1247,1250,1407,1084,1148,1407,810

34,110,1407,1407,1407,1407,1407,1407,1407,1407,1407

34

1407,1407,694,1139,367,109,1407,1407

918,1407,1407,1342,908

34
34
19

19











34
34
34
19

19

19
















34

19







34

19





34
19






34

34

19



19









34

34
19




19





34,19





