60
54
117
6904
60
60
60
60
60
60
751
54
89
60
60
54
54
54
54
940
60
60
60
60
1024
54
1127
60
705
756
1680
54
809
60
94
94
90
90
76
186
90
80
222
201
100
74
185
60
54
1787
60
60
2934
54
1494
54
534
54
118
146
60
990
60
60
304
85
60
90
1274
986
80
72
90
1583
54
3289
54
633
60
1494
8814
54
11454
54
10741
54
90
636
60
1494
8694
1948
54
8694
54
5894
54
8614
54
11574
7354
54
6404
54
636
60
13014
54
3500
54
17334
54
11574
54
5814
54
14368
54
8780
54
6552
54
637
60
8694
54
23660
54
1494
10134
54
7254
54
1494
7254
54
34614
54
2934
54
30294
54
1494
2144
54
4374
54
10924
54
14697
54
637
60
1494
14454
54
620
1494
54
18774
54
1494
1494
54
1494
37139
54
26334
54
25614
54
25974
54
2934
54
2010
54
637
60
9775
54
16460
54
24534
54
2934
54
9826
54
19684
54
4374
54
1494
11734
54
29820
54
1494
29117
54
637
60
940
60
1494
14454
54
18466
54
18774
54
12093
54
36054
54
11574
54
1494
1494
54
13014
54
1494
5814
54
1494
1494
54
5814
54
8694
54
7761
54
637
60
8694
54
25666
54
33693
54
37494
54
25974
54
4374
54
10134
54
14454
54
631
1024
1127
638
60
60
13014
54
1494
12140
54
1494
14454
54
22740
54
10134
54
7820
54
1494
1494
54
5814
54
35180
54
4160
54
18774
54
1494
4374
54
5403
54
638
60
1801
54
17900
54
1494
740
93
60
60
11574
54
11574
54
1494
10134
54
11574
54
11574
54
1494
1494
54
31734
54
2934
54
8694
54
24534
54
1494
2934
54
4374
54
4566
54
93
54
639
60
36620
54
2934
54
44906
54
13014
54
45055
54
1494
14454
54
2520
54
639
60
2934
54
4374
54
7254
54
19340
54
30294
54
2610
54
5814
54
24278
54
17900
54
10134
54
8694
54
1494
14454
54
11749
54
23414
54
1533
54
89
60
639
60
727
60
1335
1494
19340
54
11574
54
729
60
4374
54
7254
54
22739
54
10134
54
5814
54
13014
54
5814
54
8694
54
51009
54
27794
54
20400
54
1494
14528
54
639
60
1494
8694
54
1494
10134
54
20214
54
5814
54
2934
54
1494
1494
54
11574
54
8694
54
1494
21654
54
17334
54
13014
54
16460
54
5814
54
12140
54
7254
54
42930
54
14743
54
8694
54
1494
729
60
7254
54
45046
54
14043
54
638
60
2934
54
5814
54
7820
54
1494
11574
54
17334
54
10134
54
4374
54
11574
54
4374
54
27414
54
28854
54
5814
54
1494
14454
54
11574
54
8694
54
5814
54
15894
54
5814
54
620
1494
54
8694
54
10700
54
1494
1494
54
1494
37494
54
4374
54
46134
54
4374
54
26947
54
22196
54
638
60
22220
54
11574
54
1494
17334
54
12691
54
20780
54
1494
46134
54
17574
54
7014
54
2821
54
639
60
5814
54
1494
25100
54
2934
54
1494
1494
54
37170
54
20780
54
4374
54
33526
54
17334
54
9692
54
639
60
8694
54
9260
54
1494
4374
54
11574
54
1494
1494
54
20214
54
39048
54
25974
54
5814
54
1983
54
8694
54
21242
54
639
60
10134
54
20780
54
1494
15894
54
7254
54
17677
54
1494
8694
54
1366
17334
54
11574
54
1494
2934
54
4374
54
14598
54
889
1145
60
60
1105
54
897
1645
60
60
60
1034
54
54
60
1288
635
69
74
71
433
167
77
65
97
97
191
211
91
342
151
54
54
60
60
70
203
110
96
77
73
66
180
160
1292
1292
1292
124
82
82
1292
1292
1292
1292
1292
459
875
233
66
1292
120
73
162
73
54
60
54
60
54
54
54
54
54
54
54
54
54
54
54
54
54
54
54
54
54
54
54
60
60
60
60
60
60
60
60
60
60
60
60
60
60
60
60
60
60
60
100
100
292
436
74
60
54
141
60
243
54
60
54
60
54
60
54
60
896
787
60
60
1034
54
1292
1292
124
82
1292
1292
1292
1292
350
984
120
73
1266
77
66
162
71
73
74
54
54
54
54
54
54
54
54
54
54
54
54
54
54
54
60
60
60
60
60
60
60
60
60
60
60
60
60
60
60
71
607
63
77
607
63
75
77
65
54
60
54
60
54
60
60
54
60
131
60
54
60
54
60
54
60
215
215
215
215
54
60
1292
1292
117
1288
1124
82
1292
1292
1292
1292
445
889
219
66
1292
73
162
64
73
74
64
75
71
1288
79
1292
851
256
1288
75
75
77
91
91
67
1292
77
149
189
99
1292
1292
1292
1292
1292
124
167
82
82
1292
1292
1292
82
1292
1292
1292
1292
79
1292
1292
1292
1292
349
1274
985
82
76
66
120
73
81
207
600
593
162
996
71
163
69
76
75
75
74
71
71
607
637
63
63
607
637
63
77
75
77
79
77
88
88
63
79
65
65
156
104
54
54
60
60
54
60
54
60
54
60
54
54
60
60
54
60
54
54
60
60
54
54
60
60
54
60
54
54
60
60
54
54
60
60
54
60
54
54
60
60
74
60
54
60
54
60
54
60
54
60
54
60
54
60
54
60
54
60
54
60
54
60
54
60
54
60
54
60
54
60
54
60
54
60
54
60
54
74
60
54
1813
60
60
60
54
60
54
60
54
2974
54
1863
54
1845
60
60
118
146
60
60
284
357
60
60
153
127
2974
54
1863
54
54
118
85
89
60
60
60
109
54
54
60
60
54
93
54
60
78
54
896
787
92
92
60
60
218
198
99
183
1034
54
87
87
147
126
74
60
54
1812
60
60
2974
54
2524
54
128
60
146
60
297
60
357
60
1047
85
60
742
93
60
89
60
89
89
105
74
157
60
54
1878
60
60
1474
54
3363
54
118
146
60
588
60
60
153
126
54
85
89
60
60
78
54
93
54
60
78
54
60
54
60
54
54
54
54
54
54
54
54
60
60
60
60
60
60
60
60
54
54
54
54
54
54
54
54
54
60
60
60
60
60
60
60
60
60
85
101
54
60
54
54
54
60
60
60
896
787
60
60
1034
54
88
88
148
104
74
60
54
1813
60
60
2974
54
2524
54
128
146
603
60
60
60
1049
85
60
715
93
89
60
60
54
60
54
54
60
60
54
60
54
60
54
54
54
54
54
54
54
54
60
60
60
60
60
60
60
60
54
896
60
788
60
1034
54
1292
1292
120
82
1292
1292
1292
1292
1292
337
120
969
996
67
1292
162
76
71
75
606
63
79
75
72
66
67
54
54
54
54
54
54
54
54
54
60
60
60
60
60
60
60
60
60
98
114
1292
1292
118
1292
91
1010
1274
598
122
123
90
76
90
314
80
90
77
598
1274
98
155
78
98
78
154
81
314
78
78
90
83
826
1274
1274
80
80
80
90
100
116
1292
1292
82
1292
1292
1292
1292
74
79
60
54
1857
60
60
79
1292
1292
1292
162
1292
1292
150
81
208
205
734
205
831
1292
207
151
835
1014
179
78
77
67
71
69
71
73
75
74
2878
54
2841
54
128
60
1042
54
348
63
77
66
897
60
92
92
2520
60
60
218
99
183
198
1034
54
54
60
54
54
54
60
60
60
90
90
174
140
91
1292
1292
122
151
82
1292
1292
1292
1292
1292
343
991
68
120
73
1288
1292
129
66
1292
162
75
71
75
67
67
54
60
707
331
79
72
66
67
