0.000000000
0.041138292
1.086029289
1.086143517
1.087581659
1.087581850
1.087581903
1.087581923
1.087581944
1.087581965
1.144129035
1.144281715
1.149249596
1.150115569
1.424970978
1.459748239
3.371165838
3.371265118
3.371303523
3.371452086
3.373237000
3.373237200
3.373237252
3.373237271
3.474439361
3.474518193
3.477616672
3.478783473
3.626666533
3.626834461
3.639455087
3.640919108
3.641897075
3.643411344
3.694191675
3.694464460
3.710357350
3.710753063
3.710882739
3.710957978
3.711204230
3.711221480
3.716226104
3.716226320
3.716763767
3.722540420
3.727310640
3.735493415
3.735544088
3.736124655
3.736799111
3.736799223
3.749989446
3.750037383
3.750785942
3.750820250
3.753253032
3.753351174
3.755629845
3.755779258
3.756374864
3.756385311
3.756374910
3.756867864
3.771935073
3.772121237
3.772670283
3.784196158
3.803958707
3.803959168
3.804547206
3.929467189
3.953108998
3.957692058
3.957889606
3.957692474
3.958574064
3.967798648
3.968507177
3.991792453
3.994408988
3.994425045
3.994617024
3.994693794
3.996117890
3.996129805
3.999057416
4.014150022
4.015163354
4.023266816
4.028684152
4.029685432
4.031042443
4.046424126
4.046449135
4.046424437
4.046479161
4.046856638
4.047005663
4.048502128
4.049187501
4.051567627
4.052824585
4.052866081
4.096736306
4.098055948
4.119934835
4.120049085
4.120188777
4.120196912
4.123252338
4.123303506
4.124003676
4.124017560
4.126335079
4.126346333
4.128758390
4.128771207
4.130505886
4.130515383
4.134176301
4.134256374
4.138592655
4.139354283
4.157858076
4.157901140
4.158728007
4.158765334
4.159704877
4.161513300
4.161590594
4.162718668
4.162731326
4.164682111
4.167383612
4.167396568
4.168046841
4.168060009
4.168595232
4.168601434
4.170527066
4.170541472
4.177916937
4.178642537
4.178657620
4.180213711
4.180225446
4.180980547
4.180990602
4.181145369
4.181149392
4.187011958
4.187580607
4.202490935
4.203160247
4.203180350
4.203905784
4.206638707
4.206650582
4.209055148
4.209072633
4.209359731
4.210474907
4.210485478
4.214471125
4.215196944
4.215300954
4.215522634
4.215529049
4.215733674
4.215738538
4.217177542
4.217188677
4.218140919
4.218149362
4.220626774
4.220642722
4.225596655
4.226164004
4.241313847
4.241333292
4.242148880
4.242159307
4.242970949
4.242984638
4.243586504
4.243591810
4.246942348
4.246960906
4.249810613
4.249826483
4.251872897
4.251883127
4.253766134
4.253766203
4.253781626
4.253975583
4.253981015
4.254758468
4.255666338
4.255678711
4.272641069
4.273609619
4.430586269
4.431683362
4.439574606
4.440327543
4.440338401
4.442996473
4.443041771
4.463105400
4.463128754
4.464389912
4.464403449
4.466445066
4.466455677
4.466671666
4.466675998
4.466903392
4.471823599
4.471837079
4.474969961
4.474994600
4.476139526
4.477793416
4.477825897
4.479353529
4.481775856
4.481810126
4.482430097
4.482460708
4.483106272
4.483139142
4.483886135
4.483929311
4.488674401
4.489402766
4.505928209
4.505966908
4.505928274
4.505998257
4.509387996
4.509426530
4.512213533
4.512233267
4.514246229
4.514264831
4.522782158
4.522860959
4.524814825
4.524829460
4.542128657
4.542161119
4.543312454
4.543312616
4.552672087
4.552849978
4.553258005
4.553258245
4.574182221
4.574220362
4.575075463
4.577348010
4.577393909
4.581942203
4.584590092
4.584607361
4.590171522
4.590295703
4.592381645
4.592393196
4.595413900
4.595430477
4.633103651
4.633103918
4.633233613
4.633103957
4.633407771
4.637222388
4.637374154
4.639589904
4.639637719
4.647018219
4.647091956
4.662060991
4.663567847
4.663609672
4.665096105
4.665128672
4.686821969
4.687464153
4.706068673
4.707430330
4.714961285
4.715008784
4.715063889
4.721076969
4.721666147
4.721798096
4.722194166
4.723630866
4.723644129
4.728054335
4.728100152
4.733324178
4.734128131
4.734168243
4.735041679
4.735076077
4.736114177
4.736143738
4.738445165
4.764515514
4.764562235
4.767152832
4.767199341
4.773622757
4.773695978
4.774075951
4.774136728
4.776171283
4.776253727
4.779008285
4.781235657
4.781256363
4.782641974
4.782675029
4.782904600
4.782909959
4.782904631
4.782934119
4.788389641
4.789440853
4.841620820
4.841697434
4.844208117
4.844295462
4.845615901
4.845631408
4.845689463
4.845694084
4.848624675
4.848668819
4.848745519
4.849392625
4.849424033
4.852319145
4.852355623
4.857014423
4.858036840
4.873193053
4.873271181
4.873193205
4.873342248
4.874143451
4.874185223
4.875619204
4.875684923
4.877405806
4.877449898
4.884542627
4.884563091
4.894089260
4.894114283
4.911742760
4.911771554
4.912813956
4.912827365
4.913423949
4.913433157
4.914756510
4.914766398
4.914756658
4.916086286
4.916099203
4.918240939
4.918253041
4.918321376
4.918326690
4.919190552
4.919194246
4.921109695
4.921675569
4.925694181
4.926622151
4.929998895
4.930787868
4.940225584
4.941343305
4.943653370
4.943695525
4.944031608
4.944038521
4.947224479
4.948471594
4.951258564
4.951389759
4.963482002
4.963522145
4.964181252
4.964219508
4.965261990
4.965297826
4.966334976
4.966411296
4.968879992
4.968963794
4.971338862
4.971374744
4.973709786
4.973727631
4.976573422
4.976591508
4.976704031
4.976710919
4.976885201
4.976889385
4.977582937
4.977722549
4.977726762
4.985797815
4.986720600
4.990843672
4.992774640
4.992811133
4.994323750
4.995137895
4.995173528
4.996127262
4.996162492
4.997216507
4.997320635
4.997880427
4.997984925
5.000917868
5.005999324
5.006031780
5.005999390
5.006060925
5.006986848
5.007030646
5.014002508
5.015202647
5.015241608
5.016212111
5.016244080
5.018800144
5.018841017
5.019748167
5.019787360
5.021673049
5.021683990
5.025210780
5.025253597
5.026547431
5.026582097
5.027095880
5.027132189
5.027178333
5.027183459
5.029399565
5.029438479
5.031176939
5.032698553
5.033129486
5.033444707
5.033478497
5.034479112
5.034518605
5.035133682
5.035169545
5.040782605
5.041467915
5.049508815
5.049545167
5.050341234
5.050379210
5.050564116
5.050568256
5.051440867
5.052437466
5.052470375
5.053538094
5.053547504
5.054444237
5.054489248
5.057355880
5.057366653
5.058361832
5.058395031
5.060723585
5.060767021
5.061608693
5.061646036
5.064815305
5.064855961
5.069164866
5.069436051
5.073048230
5.074809956
5.074918665
5.076542948
5.076581534
5.079880499
5.079902129
5.107802619
5.107858816
5.108914820
5.108954438
5.109003302
5.109007292
5.109003348
5.109991651
5.110003902
5.110632340
5.110640919
5.112553182
5.112589063
5.114476261
5.118375539
5.118390916
5.120939308
5.123540613
5.123554373
5.124898363
5.124906981
5.127799881
5.127815731
5.128087211
5.128097863
5.131375865
5.131397066
5.131448603
5.131453717
5.137875465
5.138815454
5.162912263
5.162978500
5.165144441
5.165188121
5.166277858
5.167595503
5.167611413
5.169004338
5.169045803
5.177465067
5.177525780
5.178477506
5.179080871
5.179121521
5.179293818
5.179299161
5.180280370
5.180327745
5.182518350
5.182591825
5.187552621
5.188654958
5.211871161
5.211895846
5.212684109
5.213143980
5.213155440
5.233893050
5.233976130
5.247827443
5.251820810
5.251909359
5.252990679
5.253038609
5.254779889
5.254790519
5.258012051
5.258092109
5.258966067
5.259038899
5.261053011
5.261098836
5.264146815
5.264265272
5.270006245
5.270492415
5.290926130
5.291009442
5.315875225
5.315937798
5.319055078
5.321572435
5.321588828
5.325488206
5.325524859
5.328947692
5.332352018
5.332386796
5.332965864
5.332998267
5.333777895
5.333914917
5.334586182
5.334618170
5.337023237
5.337163476
5.337353829
5.337360221
5.338464791
5.338499814
5.341989292
5.342088769
5.347967156
5.348838959
5.366081770
5.366109304
5.368612160
5.368730853
5.371174381
5.373012656
5.373030265
5.385825765
5.385852427
5.386756249
5.386773250
5.397806767
5.398779254
5.398789702
5.414615236
5.417605388
5.417616460
5.418550608
5.418562899
5.424097249
5.424741668
5.424755119
5.427572740
5.427584753
5.428344781
5.428354228
8.662395210
8.662858936
8.663411583
8.663411756
8.990543866
9.032369913
9.275767208
9.276007033
9.276395963
9.276396122
9.276396141
9.503669704
9.503695358
15.222355916
15.223516181
18.649014628
18.649367025
18.667404442
18.693369672
18.868695524
18.880894626
18.881087538
18.881352071
18.892108042
19.204053743
19.204775118
19.225966919
19.225967040
19.226505232
19.232501796
19.239152417
19.317440470
19.318085895
19.318765122
19.318765367
19.440636860
19.441880751
19.441880816
19.441880868
19.442411090
19.442705581
19.542264442
24.510394020
24.511069203
31.506669834
31.507032984
31.507357150
31.507707125
31.531225627
31.531225919
31.531750443
31.531750575
31.552357034
31.569818663
31.583433593
31.583433801
31.584001689
31.584600081
31.584600202
31.585307039
31.586341206
31.586740467
31.595910210
31.596192487
32.045970837
32.046949596
33.143403535
33.144521409
35.701411542
35.701767601
35.701811027
35.701845904
35.701879363
35.701912046
35.701945197
35.701978851
35.702011295
35.702045144
35.702077918
35.702110486
35.702145854
35.702178821
35.702210616
35.702241800
35.702339363
35.702372857
35.702403449
35.703963866
35.703964031
35.703964057
35.703964083
35.703964110
35.703964135
35.703964161
35.703964186
35.703982313
35.703982347
35.703982372
35.703982398
35.703982424
35.703982449
35.703982475
35.703982500
35.704032176
35.704032214
35.704032247
36.465143106
36.470091430
36.486315909
36.486316116
36.486994544
36.636176914
36.636221199
36.636881708
36.637921120
36.738459129
36.738484895
36.738459297
36.739717073
36.740087476
38.069549993
38.070804271
39.030045497
39.030860865
39.290152476
39.290495641
39.291588306
39.291588411
39.500904792
39.500940542
39.504172375
39.504514863
39.504812299
39.534763280
39.536094188
39.567317831
39.585189654
39.587046842
39.587357359
39.587582370
39.588164697
39.588311262
39.588459575
39.588726601
39.588726670
39.601306796
39.601306875
39.601733966
39.628659450
39.797490774
39.798737585
39.798782510
39.798819900
39.798845099
39.798870148
39.798895681
39.798920830
39.798945896
39.799005728
39.799030472
39.799055432
39.799081204
39.799106337
39.799131005
39.799222988
39.799868853
39.799868905
39.799868926
39.799868948
39.799868971
39.799868993
39.799869014
39.799869037
39.799899421
39.799899456
39.799899477
39.799899500
39.799899522
39.799899544
39.804486309
39.809293147
39.809506788
39.809838530
39.810321496
39.810321610
39.810582374
39.810637656
39.818295982
40.039394983
40.040805500
46.454058004
46.454655050
49.013677552
49.014966285
50.145779147
50.146161519
50.147401584
50.350826806
50.351272643
50.352547502
50.353373850
50.550225241
50.551757865
52.086382225
52.087177995
52.224897285
53.227380212
54.230373362
55.232699439
60.279240680
60.280008017
62.523161706
62.523521400
62.523855840
62.524636180
62.524800191
62.543985950
62.543986341
62.569602482
62.587697356
62.596188082
62.596671859
62.596671928
62.597601005
62.598022116
62.598989876
62.599106673
62.614360218
62.614360546
62.621365860
62.648495313
62.659311824
62.659551015
62.823123985
62.845227879
62.845804892
62.847596511
62.847596591
62.847596614
62.847596672
62.848154342
62.848685959
62.848755002
62.850706374
62.851748227
62.857003662
62.857780871
62.857872744
62.860918829
62.863472074
62.863700748
62.868871083
62.870761237
62.871425025
62.871736698
62.872271151
62.872682523
62.874762343
62.890108498
62.890108980
62.890109003
62.890109025
62.890109046
62.890109067
62.890109089
62.890109111
62.891439298
62.910325312
62.918669546
62.928548717
62.940592839
62.942202661
62.942202891
62.942427454
62.942427507
62.942611633
62.942611665
62.942946367
62.943132780
62.944211735
62.944541696
62.944749511
62.945387516
62.949025292
62.949304730
62.954370323
62.958707488
62.958707800
62.958707841
62.958707872
62.960935182
62.961153902
62.961438055
62.961622456
63.167230420
63.167871914
63.178395603
63.178395827
63.178845432
63.178845486
63.179476479
63.179476529
63.179807299
63.179893399
63.180146601
63.180448406
63.180718735
63.180926413
63.182018836
63.182616662
63.186984675
63.187092360
63.190389371
63.190389441
63.192194627
63.192194681
63.192822471
63.193028348
63.193165307
63.193165368
63.193237589
63.193447173
63.193524502
63.193698819
63.193994214
63.194348862
63.194398016
63.194551423
63.194797409
63.194797440
63.194861314
63.194982878
63.195238351
63.195469975
63.195749081
63.195749203
63.195884097
63.196067478
63.196462217
63.196462296
63.196531095
63.196651767
63.196851414
63.197001718
63.197353297
63.197353332
63.197413882
63.197562466
63.197690344
63.197690376
63.197884021
63.198767210
63.198980766
63.199143081
63.200125156
63.200125186
63.200237668
63.205455652
63.205470526
63.205455785
63.205498728
63.205455808
63.205520198
63.205455831
63.205541296
63.205455853
63.205610052
63.205455875
63.205632200
63.205455896
63.205782701
63.205455918
63.205920051
63.205962416
63.205964385
63.207233320
63.207242349
63.207233382
63.207268798
63.207233402
63.207362684
63.207233456
63.207384326
63.207233477
63.207406005
63.209077639
63.209086340
63.209862836
63.209870388
63.209862881
63.209911516
63.209862902
63.209932967
63.454450360
63.456400757
63.456426903
63.457607073
63.458696061
63.458696172
63.554893848
63.554915853
63.554894071
63.554947704
63.761507301
63.761549768
63.761507642
63.761604898
63.762469705
63.762480671
63.762980188
63.764441630
63.764441691
63.766142096
63.766587861
63.766759292
63.766935163
63.767073425
63.767330646
63.768011919
63.768011973
64.066489632
64.067603444
64.067603514
64.067621748
64.067976793
64.067981359
64.068391559
64.069171097
64.069580817
64.069735175
64.070484262
64.070484315
64.070484363
64.372962331
64.374665544
64.374908927
64.375541977
64.375542036
64.415839642
68.958980920
68.959323362
68.959744204
69.153453873
69.153475776
69.285124998
69.285450477
69.285790205
69.286030960
69.287171220
69.287171313
69.297606891
69.297607010
69.297821831
69.309200695
69.387393372
69.387418463
69.390427076
69.391693356
69.403873938
69.403874212
69.404345066
69.414066471
69.414094305
69.414573598
69.415440600
69.415440672
69.483628209
69.483658945
69.484591997
69.484598134
69.488193572
69.488518406
69.488701907
69.489064216
69.489112115
69.489311143
69.489510660
69.489815536
69.499038760
69.499190330
69.499404422
69.557805405
69.558632821
69.559492216
69.559503257
69.559880746
69.561374878
69.561867593
69.576077563
69.584070975
69.626845949
69.728346004
69.728427103
69.730075787
69.730565288
69.730565445
69.890043824
69.890129781
69.890500862
69.890508801
69.893998640
69.894227149
69.894710174
69.894723886
69.894710338
69.895210429
70.036076776
70.036744119
70.036834184
70.037166005
70.037426000
70.038098330
70.038098393
74.301912055
74.301932262
75.120035729
75.120415330
75.120867965
75.324713015
75.324735441
75.324713368
75.324782228
75.325881440
80.759027188
80.759179914
80.759205017
80.759344218
80.759367441
80.759389914
80.759412231
80.759434061
80.760422623
80.760422816
80.760422836
80.760422857
80.760422878
80.760422898
80.760422919
80.760422940
84.853347867
84.853513415
84.853539176
84.853562915
84.853586697
84.853609901
84.853634689
84.853658707
84.853682221
84.854345847
84.854346036
84.854346055
84.854346076
84.854346096
84.854346116
84.854346137
84.854346157
84.854380062
91.557387517
91.577357836
93.046983496
93.047827076
97.141987379
97.142319535
97.142362936
97.143066742
97.143066917
97.143066948
99.279573450
99.279997285
99.280278676
99.280522142
99.479678661
99.479713262
99.482735451
99.483356182
99.497137698
99.497137884
99.497988987
99.510748207
99.510845594
99.511452825
99.512474702
99.512474749
99.687102021
99.687160903
99.687990593
99.688063738
99.692949042
99.693155069
99.693572557
99.693709373
99.693709417
99.693857113
99.704951168
99.705376223
99.705810535
99.988021091
99.989671361
99.990093514
99.991044586
99.991044717
105.334292741
105.334903542
109.429895724
109.430238854
109.430824932
109.430825143
117.621520058
117.623113830
119.669986894
119.671356795
125.815185179
125.815550291
125.815581890
125.815608668
125.815634417
125.815660261
125.815686238
125.815712169
125.815808823
125.816089183
125.816089220
125.816089245
125.816089271
125.816089296
125.816089321
125.816089346
129.296859971
129.297161166
129.298130192
129.298155987
129.301476053
129.470199211
129.470254169
129.473325116
129.473390258
129.473546585
129.488197971
129.488198269
129.505084743
129.515178442
129.541908302
129.550862052
129.551532815
129.551914145
129.552103383
129.552389598
129.552389646
129.560091172
129.570804271
129.570941632
129.571184259
129.571524657
129.673167657
129.674050853
129.674733843
129.674971837
129.730515282
129.740884149
129.746324432
129.910522213
129.910767402
129.910808124
129.910847199
129.910885043
129.910924344
129.910966731
129.911002430
129.911038804
129.912210634
129.912210816
129.912210849
129.912210881
129.912210912
129.912210943
129.912210975
129.912211006
129.912256750
131.135352438
131.158972565
131.160571272
131.167419095
131.189769307
131.190089493
131.190139277
131.190363413
131.311181664
131.311527168
131.311752124
131.312485500
131.313810722
131.314026784
131.314461607
131.314461657
131.314851755
131.315110102
131.342895463
131.357991103
131.357991290
131.357991311
131.358676558
131.358779637
131.359037219
131.359266661
131.365083994
131.366225122
131.366225186
131.366347031
131.366483665
131.516138523
131.517380612
131.519794964
131.520625167
131.520625253
131.521221988
131.521291559
131.521418115
131.719971376
133.122148565
133.143206856
133.145914954
133.145999990
133.172969057
133.173573799
133.173573916
133.174462387
133.174695693
133.174941883
133.203916836
133.258140990
133.258179374
133.259123755
133.259678898
133.259678999
133.262004332
133.262741885
133.262742200
133.263750447
133.264424717
133.267164538
133.267164764
133.267703914
133.267992422
133.269210388
133.269952712
133.278521446
133.278770977
133.278949193
133.280046644
133.280163416
133.280388307
133.280645872
133.281387660
133.281387738
133.281707975
133.281886124
133.283069823
133.294190774
133.294789888
133.295113606
133.296616830
133.296617097
133.320251943
133.333934052
133.333984074
133.335474871
133.335488404
133.336014547
133.336575214
133.348690674
133.390922151
133.400150824
133.400873133
133.401590149
133.460981929
136.145767169
136.146667410
136.146911977
136.147286332
136.147720849
136.148351921
136.148352011
136.160883164
136.161300634
136.177112475
136.212932214
136.257038360
136.257098251
138.102009726
138.103581341
142.202625710
142.203097037
142.203171126
142.205420206
142.205420693
142.205420747
146.149810870
146.150068412
146.170316690
146.170316954
146.170555255
146.177804558
146.177872736
146.178049750
146.182979223
146.191712560
146.192178727
146.206760754
146.217463859
146.242121517
146.246140883
146.246755531
146.246755619
146.246755649
146.246985074
146.247203655
146.247580311
146.247741643
146.247881791
146.248546799
146.253138631
146.257837033
146.258173036
146.259906821
146.260050626
146.261435056
146.261435107
146.293427801
146.293930625
146.356332299
146.356332570
146.356848623
146.401996172
146.411990034
146.417869750
