98
98
158
114
74
60
54
1887
60
60
2974
54
2890
54
128
146
927
60
60
60
1069
85
60
2012
54
93
60
106
106
54
60
122
166
54
54
60
60
2369
60
60
93
60
60
54
93
54
2370
60
60
1403
54
492
54
89
93
60
60
99
1292
1292
82
167
1292
1292
1292
1292
79
1292
339
69
79
1292
1292
1286
82
81
84
125
114
1288
1292
466
75
1292
153
204
1292
996
179
75
75
69
65
75
752
67
424
69
54
93
60
606
1288
63
307
89
78
112
70
73
75
501
66
70
291
71
986
244
78
75
67
985
311
78
72
67
68
505
72
75
290
1016
120
78
70
75
513
1002
142
78
70
75
54
60
1009
146
78
515
70
75
301
301
71
1001
317
78
68
68
1015
73
78
75
67
524
71
75
1045
296
78
67
525
308
71
1001
78
256
70
74
528
986
92
78
70
75
529
983
219
79
70
75
526
984
286
79
70
75
71
1088
168
78
66
532
532
71
75
68
961
86
78
67
536
71
75
320
71
75
322
986
318
940
253
71
80
67
545
72
75
932
196
78
68
938
161
79
68
54
54
60
60
551
72
75
334
929
134
72
78
68
552
72
75
879
128
78
68
553
933
154
79
72
75
68
71
898
199
78
68
68
551
73
75
335
73
75
965
215
80
68
552
939
116
80
73
75
68
557
892
181
80
73
75
68
71
913
278
913
81
68
68
556
73
75
338
73
75
340
993
269
80
993
76
73
76
959
186
81
76
68
71
945
234
945
79
76
68
68
559
73
75
54
60
342
73
75
943
86
80
561
68
73
75
1008
192
924
217
82
1008
76
68
559
73
75
71
1003
161
80
68
68
563
73
75
345
1005
315
80
73
68
75
564
1006
157
79
73
75
68
71
1060
147
80
68
1060
76
68
563
73
75
346
73
75
1014
165
80
564
68
74
75
1008
80
80
68
71
1021
287
1021
82
68
68
567
74
75
351
1086
85
81
74
75
68
993
255
80
68
567
74
75
351
74
75
71
1099
183
998
81
1099
1010
319
76
82
76
68
68
70
74
107
63
77
72
66
67
573
74
75
71
1023
196
80
68
68
582
74
75
71
1013
128
81
68
68
583
74
75
71
1054
269
80
67
590
74
75
371
74
75
1005
281
80
68
593
74
75
377
997
191
983
83
80
81
997
76
74
76
598
74
75
382
1031
154
74
80
68
1001
263
80
68
995
223
81
68
598
74
75
383
74
75
1031
153
81
68
602
75
75
71
384
987
203
989
155
987
84
76
68
75
76
68
71
980
196
82
68
68
119
252
60
60
1292
1285
1292
1292
1292
722
93
75
75
54
1539
54
1466
54
89
1466
60
4700
54
93
60
71
68
1292
1292
1288
1177
74
69
66
74
71
308
626
76
75
80
74
68
66
71
71
68
69
71
1287
1292
1292
82
1292
1292
1292
1292
1292
1292
1292
1292
1292
1292
1292
1292
74
1292
75
1292
1292
1292
1292
1292
74
1292
1292
1292
1292
1292
1292
1292
1292
74
1292
75
1292
1292
1292
1292
1292
1292
1292
1292
1292
1292
74
1292
1292
1292
1292
1292
1292
1292
1292
1292
74
75
1292
1292
1292
982
402
1284
1292
1292
1292
1292
1292
75
1292
1292
1292
1292
1292
1292
1292
1292
1292
1292
1292
1292
1292
1292
1292
1292
69
1292
1292
1292
1292
75
75
76
1292
1292
1292
1292
1292
1292
1292
1292
1292
1292
1292
1292
1292
1292
1292
1292
800
75
76
1292
1292
122
859
82
1292
1292
1292
1292
426
908
148
66
1288
1292
1292
1292
1292
1292
1292
115
73
77
73
73
1292
73
145
1292
67
1292
73
1292
1292
1292
73
1292
73
1292
1292
1292
1152
1292
69
73
73
75
84
84
82
142
192
148
105
1292
1292
1292
121
895
1292
374
231
1292
1292
121
956
165
82
82
1292
1292
82
75
1292
1292
75
1292
1292
1292
1292
350
120
978
67
73
65
1292
343
162
174
120
75
73
982
75
67
1288
1292
1292
76
80
76
74
162
1288
73
67
1288
768
1292
1292
1292
1292
1292
1292
1292
1292
1292
1292
1292
77
73
73
73
73
73
1292
65
821
73
81
67
68
1288
1292
1292
1292
1292
1292
1292
1292
1292
1292
1292
1292
1292
1292
77
504
73
73
73
73
73
73
74
66
199
1288
1292
1292
77
1292
73
1292
1292
1292
1292
73
73
1292
1292
1292
73
1292
73
1292
1292
1292
1292
1292
1292
1292
73
1292
73
73
73
1292
1292
74
1292
1292
74
1292
1292
1292
1292
74
74
1292
1292
1292
74
1292
74
1292
1292
1292
1292
1292
1292
1292
1292
74
1292
74
74
1292
74
79
1292
1292
74
1292
1292
74
1292
1292
74
1292
1292
1292
74
1292
74
1292
1292
74
1292
1292
74
1292
1292
1292
74
1292
74
1292
1292
74
1292
1292
74
1292
1292
1292
1292
1292
1292
1292
1292
1292
1292
75
1292
1292
1292
1292
1292
1292
1292
1292
1292
1292
1292
74
1292
1292
1292
1292
1292
1292
75
1292
1292
1292
1292
1292
1292
1292
1292
1292
1292
1292
74
1292
1292
1292
1292
1292
1292
1292
1292
1292
1292
1292
1292
75
965
76
1037
75
75
673
66
82
68
1285
1292
1292
1292
1048
75
75
68
1287
1292
1292
1292
1292
1292
1292
1292
1292
1292
1292
1292
792
1286
967
99
81
74
75
68
180
160
1285
1292
1292
1292
1292
1292
568
75
75
181
536
78
627
110
82
66
68
148
613
78
66
190
224
75
1288
1292
80
74
1292
1292
1292
119
82
82
1292
1292
66
1292
1292
232
1292
1292
342
976
67
120
1292
162
650
76
72
71
75
75
230
231
72
75
1288
1292
1292
1292
1292
1292
1292
87
78
75
96
96
206
162
107
606
63
167
79
75
68
1292
1292
1209
79
224
82
1292
1292
1292
1292
71
1288
1292
1292
1292
1292
1292
1292
1292
1292
1292
1292
879
78
66
1292
79
75
1292
1292
295
1288
1292
1292
810
79
75
200
75
1292
1292
81
1292
992
83
81
1288
1292
437
77
125
1006
68
179
66
106
437
114
197
67
75
75
77
73
75
991
231
592
65
231
231
233
231
1288
1292
1292
1292
1292
1292
1292
1292
1292
1292
1292
1292
1292
1292
1292
1292
1292
1292
1292
1292
1292
1292
72
1292
1292
72
1292
1292
1292
1292
1292
1292
1292
1292
1292
1292
1292
1292
1292
1292
1292
1292
627
77
73
73
73
73
73
73
73
73
73
73
73
73
73
73
73
73
73
73
73
82
75
72
68
75
79
66
1288
1292
1292
1292
1292
321
1288
1292
1292
1292
1117
1288
1292
1292
1292
1085
1288
1292
1292
1292
1292
78
436
79
1288
1292
1292
1292
1292
103
79
67
74
67
68
1285
1292
1292
1292
766
1285
76
75
1287
1292
1292
1292
1292
1292
1292
1292
1292
1292
1292
274
85
81
75
68
1292
1292
121
82
1292
1292
1292
1292
1179
81
206
1288
1288
1012
573
158
65
69
627
74
77
1288
1292
1292
1292
1292
1292
1292
1292
1292
1292
73
1292
73
1292
1292
1292
1292
1292
1292
1292
1292
1292
73
1292
73
1292
73
73
73
73
73
1292
1292
73
73
1292
73
1292
1292
73
1292
1292
1292
1292
1292
1292
1292
1292
1292
1292
1292
1292
1292
1292
1292
1292
1292
1292
1292
1292
1292
74
73
73
73
73
73
78
73
1292
1292
1292
1292
1292
1292
1164
73
73
73
73
74
74
67
74
1164
76
1292
405
68
75
1288
1292
274
75
70
88
78
1288
1292
1292
1292
1292
1292
1292
1292
1292
1292
1292
74
1292
1292
1292
1292
1292
1292
1292
1292
1292
1292
1292
74
74
74
74
1292
1292
1292
1292
1292
1292
1292
1292
1292
1292
1292
1292
1292
1292
1292
1292
1292
1292
74
1292
1292
1292
1292
1292
1292
1292
1292
1292
1292
1292
1292
1292
1292
1218
74
74
74
74
74
74
1285
137
1292
1292
1292
1292
1292
1292
1292
65
1292
1292
1292
1292
1292
1292
1292
1292
1292
1292
1292
1292
81
74
74
74
74
74
1292
1292
1292
1292
1292
1292
1292
1292
1292
1292
1292
1292
54
60
1292
1292
1292
1292
74
74
80
75
1292
1292
75
1292
68
75
1292
1292
1292
1292
1292
1292
1292
1292
1292
1292
1292
1292
1292
1292
1292
75
75
76
1292
1292
1292
76
119
164
60
60
1292
1292
1292
1292
1292
1292
75
1292
1292
1292
1292
1292
1292
1292
1292
1292
1292
1292
1292
1292
1292
1292
1292
1292
1292
1292
1292
1292
1292
1292
1292
1292
1292
1292
1292
1292
1292
1292
1292
1292
1292
1292
1292
1292
1292
1292
1292
1292
1292
1292
1292
1292
1292
1292
1292
1292
75
1292
1292
1292
1292
1292
1292
1292
530
1285
1292
1292
1292
1292
1292
1292
1292
1292
1292
1292
1292
1292
1292
1292
1292
1292
1292
74
74
74
1292
1292
1292
75
75
1292
75
1292
1292
1292
1292
1292
1292
1292
1292
1292
76
1292
1292
423
433
1285
1292
1292
1292
1292
1292
1292
698
1285
1292
1292
1292
256
196
1292
1292
1292
75
75
76
1292
1292
1292
1292
1292
1292
1292
1292
1292
1292
1292
1292
1292
1292
1292
1292
1292
1292
1292
1292
1292
1292
1292
1292
1292
1292
1292
1292
1292
1292
1292
78
1292
74
1292
1292
1292
1292
1292
1292
1292
1292
1292
1292
1292
1292
1292
1292
75
75
75
75
1292
1292
1292
1292
74
75
1292
1292
1292
1292
1292
1292
1292
1292
1292
1292
1292
1292
1292
1292
1292
1292
1292
1292
1292
1292
1292
1292
2951
54
1292
1292
1292
4290
1734
75
75
54
1292
1292
1292
1292
1292
1292
1292
1292
1292
1292
1292
1292
1292
75
1292
1292
1292
1292
1292
1292
1292
89
1292
1292
60
1292
93
1292
60
1292
1292
1292
1292
1292
75
75
1288
1292
277
1292
1292
1292
1292
1292
1292
1292
1292
1292
1292
75
1292
1292
1292
1292
1292
1292
1292
91
1292
1292
1292
1292
1292
1292
1292
1292
1292
1292
1292
1292
75
1292
1292
1292
1292
1292
1292
1292
1292
1292
1292
1292
1292
1292
1292
1292
1292
1292
1292
1292
1292
1292
1292
1292
1292
1292
1292
1292
1292
75
1292
1292
1292
1292
1292
1292
1292
75
1292
74
1292
1292
1292
1292
1292
1292
1292
1292
1292
1292
1292
1292
1292
1292
1292
1292
1292
1292
1292
1292
75
1292
1292
1292
74
1292
1292
75
1292
1292
1292
1292
1292
1292
791
1292
1292
1292
75
75
79
1292
1292
1292
1292
1292
1292
1292
1292
1292
1292
1292
1292
1292
1292
1292
1292
1292
1292
1292
1292
1292
90
1292
1292
1292
1292
1292
1292
1292
1292
1292
75
75
75
1292
1292
1292
65
75
1292
1292
1292
1292
1292
1292
1292
1292
1292
1292
75
1292
1292
1292
1292
1292
75
75
1292
1292
81
74
1292
1292
1292
1292
89
1292
1292
1292
1292
1292
1292
1292
1292
74
1292
1292
1292
1292
1292
1292
1292
1292
75
1292
1292
1292
1292
1292
68
1292
1292
1292
1292
1292
1292
1292
75
1292
1292
1292
1292
1292
1292
1292
1292
1292
1292
1292
1292
1292
1292
1292
75
75
74
1292
1292
1292
1292
1292
1292
74
1292
1292
1292
1292
1292
1292
1292
1292
1292
74
1292
1292
74
1292
1292
1292
1292
1292
1292
1292
1292
1292
1292
75
1292
1292
1292
1292
1292
1292
1292
1292
1292
1292
1292
1292
1292
1292
1292
1292
1292
75
1292
1292
75
1292
1292
1292
1292
75
1292
1292
1292
1292
1292
1292
1292
1292
1292
1292
1292
1292
1292
1292
1292
1292
1292
1292
1292
1292
1292
1292
1292
75
1292
1292
75
1292
75
1292
76
1292
1292
1292
1292
1292
1292
1292
1292
1292
1292
75
1292
1292
1292
76
1292
586
1292
66
1292
1292
1292
1292
1292
1292
1292
1292
1292
1292
1292
1292
1292
1292
1292
75
1292
1292
1292
1292
1292
1292
80
1292
82
1292
1292
1292
1292
1292
75
1292
1292
1292
1292
1292
1292
1292
1292
1292
1292
75
76
1292
1287
1292
1292
1292
1292
1292
1292
1292
1292
1292
1292
1292
1292
1292
1292
1292
1292
1292
1292
1292
1292
1292
1292
1292
1292
1292
1292
804
1292
75
75
1292
81
1292
1292
1292
1292
1292
1292
1292
1292
74
75
1292
1292
1292
1292
1292
1292
1292
1292
1292
75
1292
1292
75
1292
1292
68
1292
1292
1292
1292
1292
75
1292
1292
1292
1292
1292
1292
1292
1292
1292
75
1292
1292
68
1292
1292
1292
1292
1292
1292
1292
1292
1292
1292
1292
1292
74
1292
1292
1292
1292
75
1292
1292
1292
1292
1292
1292
68
1292
1292
1292
1292
75
1292
1292
1292
1292
76
1292
1292
1292
1292
1292
1292
1292
1292
1292
76
1292
1292
1292
1292
1292
1292
1292
1292
1292
1292
75
1292
1292
1292
1292
1292
1292
1292
1292
1292
1292
1292
1292
1292
1292
1292
1292
1292
1292
1292
1292
1292
1292
1292
1292
1292
1292
1292
1292
1292
1292
1292
1292
1292
1292
1292
1292
1292
1292
1292
1292
1292
1292
1292
1292
1292
1292
1292
1292
1292
1292
75
75
1292
1292
1292
75
75
1292
1292
80
1292
1292
1292
1292
1292
1292
75
1292
75
1292
1292
1292
1292
1292
1292
1292
1292
1292
1292
1292
1292
1292
1292
1292
1292
1292
1292
1292
1292
1292
75
75
1292
75
1292
1292
1292
1292
1292
1292
1292
1292
1292
1292
1292
1292
1292
1292
1292
75
1292
1292
1292
1292
1292
1292
1292
74
1292
1292
1292
1292
1292
1292
1292
1292
1292
1292
1292
1292
1292
1292
75
1292
75
1292
1292
1292
1292
1292
1292
1292
1292
1292
1292
1292
1292
1292
1292
1292
1292
1292
1292
1292
1292
1292
1292
75
75
1292
1292
1292
1292
1292
1292
1292
1292
1292
1292
1292
75
1292
1292
1292
1292
1292
1292
75
1292
1292
1292
1292
1292
1292
75
1292
1292
1292
1292
1292
1292
1292
1292
1292
1292
1292
1292
1292
1292
1292
1292
1292
1292
1292
1292
1292
1292
1292
1292
1292
1292
1292
1292
1292
1292
1292
1292
1292
1292
1292
1292
75
75
75
1292
1292
1292
1292
1292
1292
1292
1292
1292
1292
1292
1292
1292
1292
1292
1292
1292
1292
1292
1292
1292
1292
75
75
80
1292
1292
1292
1292
1292
1292
1292
1292
1292
1292
1292
1292
1292
1292
1292
1292
1292
75
75
1292
1292
1292
1292
1292
1292
1292
1292
1292
75
1292
1292
1292
1292
1292
1292
1292
1292
1292
1292
1292
1292
75
1292
1292
1292
1292
1292
76
1292
1292
1292
1292
1292
1292
1292
1292
1292
1292
1292
1292
1292
1292
1292
1292
1292
1292
1292
1292
1292
1292
1292
1292
1292
1292
1292
1292
1292
1292
1292
1292
1292
1292
1292
1292
1292
1292
1292
1292
1292
1292
1292
1292
1292
1292
1292
1292
1292
1292
1292
1292
1292
1292
1292
1292
1292
1292
1292
1292
1292
1292
1292
1292
1292
1292
1292
1292
1292
1292
1292
1292
1292
1292
1292
1292
1292
1292
1292
1292
1292
1292
1292
1292
1292
1292
1292
1292
1292
1292
1292
1292
1292
1292
1292
1292
1292
1292
1292
1292
1292
1292
1292
1292
1292
1292
1292
1292
1292
1292
1292
1292
1292
1292
1292
1292
1292
1292
1292
1292
1292
1292
1292
1292
1292
1292
1292
1292
1292
1292
1292
1292
1292
1292
1292
1292
1292
1292
1292
1292
1292
1292
1292
1292
1292
1292
1292
1292
1292
1292
1292
1292
1292
1292
1292
1292
1292
1292
1292
1292
1292
1292
1292
1292
75
74
1292
1292
75
75
1292
75
75
75
1292
345
75
75
75
75
75
75
75
80
75
75
76
1292
75
1292
1292
1292
1292
1292
252
70
75
79
68
90
65
81
68
112
1288
1292
375
82
64
117
1288
1292
1292
1292
1292
1292
1292
1292
1292
1292
79
1292
1292
1292
1292
74
1292
1292
1292
1292
1292
1292
1292
1292
1292
74
1292
1292
1292
1292
74
1292
1292
1292
1292
1292
1292
1292
1292
1292
1292
1292
1292
1292
1292
74
74
1292
1292
1292
1292
1292
1292
1292
74
1292
1292
1292
1292
1292
1292
849
67
74
75
1285
1292
1292
1292
1292
1292
1292
1292
1292
1292
1292
1292
74
1292
1292
1292
1292
1292
1292
1292
1292
74
1292
1292
1292
1292
1292
1292
1292
1292
1292
1292
1292
1292
75
1292
1292
1292
1292
1292
1292
1292
1292
75
1292
1292
1292
1292
1292
1292
1292
1292
1292
1292
1292
75
1292
1292
1292
1292
1292
1292
1292
75
1292
1292
1292
1292
1292
1292
1292
1292
1292
1292
75
1292
1292
1292
1292
1292
75
1292
1292
1292
1292
1292
1292
1292
1292
75
1292
1292
1292
1292
1292
1292
1292
1292
1292
1292
1292
1292
75
1292
1292
1292
1292
1292
1292
1292
1292
75
1292
1292
1292
1292
1292
1292
1292
1292
1292
80
1292
1292
1292
1292
1292
1292
1292
1292
1292
1292
75
1292
1292
71
1292
1292
1292
1292
1292
1292
1292
75
1292
1292
76
1292
1292
1292
1292
1292
1292
1292
1292
1292
1292
1292
75
1292
1292
1292
1292
1292
1292
1292
1292
1292
1292
1292
1292
75
1292
1292
1292
1292
1292
1292
1292
1292
1292
1292
1292
1292
68
1292
1292
1292
1292
75
75
1292
1292
1292
1292
1292
1292
1292
1292
1292
74
1292
1292
1292
1292
1292
1292
1292
1292
1292
75
1292
1292
1292
1292
1292
1292
75
1292
1292
1292
1292
1292
75
1292
1292
1292
1292
1292
1292
1292
1292
1292
1292
1292
1292
75
1292
1292
1292
1292
1292
1292
1292
1292
75
1292
1292
1292
1292
1292
1292
1292
1292
1292
1292
1292
1292
75
1292
1292
1292
1292
1292
1292
1292
1292
1292
1292
1292
1292
75
1292
1292
1292
1292
1292
1292
1292
75
1292
1292
1292
1292
1292
1292
1292
1292
1292
1292
1292
1292
1292
1292
1292
1292
1292
1292
1292
1292
1292
1292
1292
1292
1292
1292
1292
1292
1292
1292
1292
1292
1292
1292
1292
1292
1292
75
75
1292
1292
75
80
1292
1292
1292
75
1292
1292
76
1292
1292
1292
1292
1292
1292
1292
75
1292
1292
1292
1292
1292
1292
1292
1292
1292
1292
1292
1292
75
1292
1292
1292
1292
1292
1292
1292
1292
1292
1292
1292
1292
1292
75
1292
1292
1292
1292
75
1292
1292
1292
1292
1292
1292
1292
1292
1292
1292
75
1292
1292
1292
1292
1292
1292
1292
1292
74
1292
1292
1292
1292
1292
1292
1292
1292
1292
1292
1292
75
1292
1292
1292
1292
1292
1292
1292
1292
1292
1292
1292
1292
1292
1292
1292
1292
1292
1292
75
1292
1292
1292
1292
75
1292
1292
1292
1292
1292
1292
1292
1292
1292
75
1292
1292
1292
1292
1292
915
1292
1292
1292
75
1292
1292
1292
1292
1292
1292
1292
1292
1292
1292
1292
75
1292
1292
1292
1292
1292
1292
1292
1292
1292
1292
1292
1292
1292
75
1292
1292
1292
1292
1292
75
1292
1292
1292
1292
1292
1292
1292
1292
1292
1292
75
1292
1292
1292
1292
1292
1292
1292
1292
1292
1292
1292
1292
1292
75
1292
1292
1292
1292
1292
1292
1292
1292
1292
1292
1292
75
1292
1292
1292
1292
1292
80
1292
1292
1292
1292
1292
1292
1292
1292
1292
1292
1292
75
1292
1292
1292
1292
1292
1292
1292
1292
1292
1292
75
1292
1292
1292
1292
1292
1292
1292
1292
1292
1292
1292
1292
75
1292
1292
1292
1292
1292
1292
1292
75
1292
1292
1292
1292
1292
1292
1292
1292
1292
1292
75
1292
1292
1292
1292
1292
1292
1292
1292
1292
1292
1292
1292
75
1292
1292
1292
1292
1292
1292
1292
1292
75
1292
1292
1292
1292
1292
1292
1292
1292
1292
1292
75
1292
1292
1292
1292
1292
1292
1292
1292
1292
1292
1292
75
1292
1292
1292
1292
1292
1292
1292
1292
1292
1292
1292
1292
1292
1292
1292
1292
1292
1292
75
75
76
1292
1292
1292
990
1285
1292
1292
1292
1292
1292
75
1292
1292
1292
1292
1292
1292
1292
1292
1292
1292
1292
1292
75
1292
1292
1292
1292
1292
1292
1292
1292
1292
75
1292
1292
1292
1292
1292
1292
1292
1292
1292
1292
1292
1292
1292
1292
1292
1292
1292
75
1292
1292
75
1292
1292
1292
1292
1292
77
77
1292
82
1292
77
1292
1292
79
1292
79
1292
1292
79
79
1292
1292
1292
1292
1292
1292
1292
1292
1292
1292
79
1292
1292
1292
1292
1292
1292
1292
1292
1292
1292
79
1292
1292
1292
1292
1292
1292
1292
1292
1292
1292
79
1292
1292
1292
1292
1292
1292
1292
1292
1292
1292
79
1292
1292
1292
1292
1292
1292
1292
1292
1292
1292
1292
79
1292
1292
1292
1292
1292
1292
1292
1292
1292
79
1292
1292
1292
1292
1292
1292
1292
1292
80
1292
1292
1292
1292
1292
1292
1292
1292
1292
1292
73
75
1292
1292
1292
1292
1292
1292
1292
1292
1292
1292
1292
1292
1292
1292
1292
1292
1292
1292
1292
1292
1292
75
1292
75
1292
1292
1292
1292
1292
1292
1292
1292
1292
1292
1292
1292
1292
1292
1292
1292
1292
1292
1292
1292
1292
1292
1292
1292
1292
1292
1292
1292
1292
1292
1292
1292
1292
1292
1292
1292
1292
1292
1292
1292
1292
1292
1292
1292
1292
1292
1292
1292
1292
1292
1292
1292
1292
1292
1292
1292
1292
1292
1292
1292
1292
1292
1292
1292
1292
1292
1292
1292
1292
1292
1292
1292
1292
1292
1292
1292
1292
1292
1292
1292
75
1292
1292
1292
1292
1292
1292
75
75
1292
1292
75
1292
1292
1292
80
1292
1292
75
1292
75
1292
75
75
75
1292
1292
1292
1292
75
1292
1292
1292
1292
1292
1292
1292
1292
1292
75
1292
1292
1292
1292
1292
1292
1292
1292
1292
75
1292
1292
1292
1292
1292
1292
1292
1292
1292
1292
1292
1292
1292
1292
1292
1292
1292
76
1292
1292
75
1292
1292
1292
1292
71
1292
672
68
76
68
1285
204
75
75
1287
1292
1292
1292
1292
1292
1292
81
1292
1292
1292
1292
1292
814
1286
1292
75
1292
1292
74
1292
1292
1292
1292
1292
1292
1292
1292
1292
74
1292
1292
1292
1292
1292
1292
1292
1292
1292
1292
1292
1292
1292
1292
74
74
1292
838
68
90
65
82
68
112
112
73
70
64
79
68
1287
1292
130
1288
1292
595
1287
1288
73
76
154
210
65
75
79
68
490
202
490
83
66
78
68
86
146
1292
1292
82
1292
1292
1292
1292
79
79
79
1292
412
300
1292
1292
1288
127
1292
1292
81
1292
1292
180
204
78
843
205
935
209
937
213
75
986
179
69
67
69
71
73
75
78
77
77
227
117
63
65
77
86
65
117
86
68
66
226
1288
1292
1292
866
79
72
68
69
1285
1292
1292
379
75
75
880
1292
1292
1292
122
1264
880
54
60
121
65
68
83
82
76
82
1292
1292
76
69
1292
1285
1292
1292
1292
1292
1292
281
1285
1292
420
352
254
982
93
66
221
226
1292
120
73
73
1292
80
747
68
159
81
69
164
75
69
69
583
100
583
83
68
1074
75
75
1288
1292
590
166
1288
1292
1292
1292
1292
1292
1292
1292
1292
1292
1292
1292
1292
1292
1292
1292
1292
1292
1292
1292
1292
1292
1292
1292
1292
1292
1292
1292
78
74
74
75
1292
1292
1292
1292
1292
74
1292
1292
1292
1292
1292
1292
75
72
1292
75
1292
1292
1292
1292
1292
1292
1292
1292
1292
1292
1292
1292
1292
1292
1292
1292
1292
1292
1292
1292
74
1292
74
1292
1292
1292
1292
1292
1292
1292
1292
1292
75
1292
1292
1292
1292
1292
1292
1292
1292
1292
1292
75
1292
1292
1292
1292
1292
1292
1292
1292
1292
1292
1292
75
1292
1292
1292
1292
75
1292
1292
1292
1292
1292
1292
1292
1292
75
1292
1292
1292
1292
1292
1292
1292
1292
1292
1292
1292
75
1292
1292
1292
1292
1292
1292
1292
1292
1292
75
1292
1292
1292
1292
1292
1292
1292
1292
613
1285
75
1292
1292
1292
1292
1292
75
1292
1292
1292
1292
1292
1292
1292
1292
1292
1292
1292
75
1292
1292
1292
1292
1292
76
1292
1292
1292
1292
1292
1292
76
1292
1292
1292
1292
1292
1292
1292
1292
1292
1292
1292
1292
1292
1292
71
1292
1292
1292
1292
1292
1292
75
75
1292
1292
1292
1292
1292
1292
1292
1292
1292
76
1292
1292
1292
1292
1292
1292
1292
1292
1292
1292
1292
1292
1292
75
81
1292
118
1292
65
1292
1292
1292
1292
75
81
1292
1292
1292
69
1292
1292
1292
75
1292
1292
1292
76
1292
1292
1292
1292
1292
1292
1292
1292
1292
1292
1292
1292
1292
1292
1292
1292
1292
1292
1292
1292
1292
1292
1292
1292
1292
1292
1292
1292
1292
1292
1292
1292
1292
1292
1292
1292
1292
75
75
75
76
1292
1292
1292
1292
1292
1292
1292
1292
75
1292
1292
1292
1292
1292
1292
1292
1292
1292
1292
1292
1292
75
1292
1292
75
1292
1292
1292
1292
75
1292
1292
1292
1292
1292
1292
1292
1292
1292
1292
75
1292
1292
75
1292
1292
76
1292
1292
1292
1292
1292
1292
1292
75
1292
1292
1292
1292
1292
1292
1292
1292
1292
1292
75
1292
1292
1292
1292
1292
1292
1292
76
1292
118
76
1292
1292
1292
1292
1292
68
1292
1292
1292
1292
75
1292
1292
1292
1292
1292
1292
1292
1292
1292
1292
1292
1292
1292
1292
1292
1292
1292
1292
1292
1292
1292
1292
1292
1292
1292
1292
1292
1292
1292
1292
1292
1292
1292
1292
1292
1292
1292
1292
1292
1292
1292
1292
1292
75
75
81
75
75
1292
69
1292
74
1292
1292
1292
1292
1292
1292
1292
1292
1292
1292
1292
1292
1292
1292
1292
74
1292
1292
1292
1292
1292
1292
75
1292
1292
1292
1292
1292
76
1292
1292
1292
1292
1292
1292
1292
1292
1292
1292
1292
75
1292
75
1292
1292
1292
1292
1292
1292
1292
1292
1292
1292
1292
1292
1292
1292
1292
1292
715
74
74
75
90
1288
900
69
90
74
145
517
76
75
79
74
99
1292
1292
167
82
1292
1292
1292
1292
79
66
54
54
54
54
54
54
54
60
60
60
60
60
74
60
60
60
54
60
54
60
54
60
54
1848
79
60
60
60
54
60
54
60
54
60
54
1292
1292
81
1288
84
205
590
996
179
76
75
69
75
2974
54
2528
54
128
60
1024
606
63
79
76
54
66
1285
152
76
69
75
122
65
81
68
1288
1292
590
166
79
1288
1292
1292
1292
1292
1292
1292
1292
1292
1292
1292
74
75
1292
1292
1292
1292
1292
1292
1292
1292
1292
1292
74
1292
1292
1292
1292
1292
75
1292
1292
1292
1292
1292
1292
1292
1292
1292
1292
1292
1292
74
1292
74
1292
1292
1292
1292
1292
1292
1292
1292
1292
1292
1292
1292
1292
1292
1292
1292
1292
1292
1292
1292
1292
1292
1292
1292
1292
1292
1292
1292
1292
1292
1292
1292
1292
1292
1292
1292
1292
1292
1292
1292
1292
1292
1292
1292
74
74
75
1292
1292
1292
75
76
1292
1292
1292
1292
1292
1292
1292
1292
1292
1292
75
76
1292
1292
1292
1292
1292
1292
1292
1292
1292
1292
1292
1292
75
76
72
1292
1292
1292
1292
1292
1292
1292
1292
1292
76
1292
1292
1292
1292
1292
1292
1292
1292
1292
1292
76
1292
75
1292
1292
1292
1292
1292
1292
1292
1292
1292
1292
75
1292
1292
1292
75
1292
1292
1292
1292
1292
75
76
1292
1292
1292
1292
1292
76
1292
1292
1292
1292
1292
1292
1292
1292
1292
1292
1292
1292
1292
75
1292
1292
1292
1292
75
1292
1292
1292
1292
1292
1292
1292
1292
1292
1292
1292
1292
75
76
1292
1292
1292
1292
1292
1292
1292
1292
1292
75
1292
1292
1292
1292
1292
1292
1292
1292
1292
1292
1292
75
76
1292
1292
1292
1292
1292
1292
1292
1292
1292
1292
1292
75
1292
1292
1292
1292
1292
1292
1292
1292
1292
1292
1292
75
1292
1292
68
1292
75
1292
1292
1292
1292
1292
1292
1292
1292
1292
1292
1292
1292
1292
1292
1292
1292
1292
1292
1292
1292
1292
1292
1292
1292
1292
1292
1292
1292
1292
75
80
1292
1292
1292
1292
1292
1292
1292
1292
1292
1292
1292
1292
1292
1292
75
75
76
1292
1292
1292
1292
1292
1292
1292
1292
1292
1292
1292
1292
1292
1292
1292
1292
1292
1292
1292
1292
1292
1292
1292
1292
1292
1292
1292
1292
1292
1292
1292
1292
75
1292
1292
75
1292
75
76
1292
1292
1292
1292
1292
1292
1292
1292
1292
1292
1292
1292
1292
1292
1292
1292
1292
1292
1292
1292
1292
1292
1292
1292
1292
1292
1292
1292
1292
1292
1292
1292
1292
75
75
75
75
1292
1292
1292
1292
1292
1292
1292
1292
1292
1292
1292
1292
1292
1292
1292
1292
1292
1292
1292
1292
1292
1292
1292
75
75
1292
1292
1292
1292
75
1292
1292
1292
1292
1292
1292
1292
1292
1292
76
1292
1292
1292
1292
1292
1292
1292
1292
75
1292
1292
1292
1292
1292
1292
1292
1292
1292
1292
1292
1292
1292
1292
1292
1292
1292
1292
1292
1292
1292
1292
75
1292
1292
1292
1292
1292
1292
1292
1292
1292
1292
1292
1292
1292
1292
1292
1292
1292
1292
1292
1292
1292
1292
1292
75
75
1292
80
1292
75
1292
1292
1292
1292
1292
1292
1292
1292
1292
1292
1292
75
1292
1292
1292
1292
1292
75
1292
1292
1292
1292
1292
1292
1292
1292
1292
1292
1292
1292
75
1292
1292
1292
1292
1292
1292
1292
1292
1292
75
1292
1292
1292
1292
1292
1292
1292
1292
1292
1292
367
70
75
76
68
1288
1292
594
94
212
65
79
68
342
70
203
110
319
77
73
66
54
60
858
75
75
118
65
82
68
85
101
1292
1292
123
82
1292
1292
1292
1292
1292
448
886
222
66
120
73
1292
162
75
54
60
1288
1292
598
166
1288
1292
1292
1292
1292
1292
1292
1292
78
1292
1292
1292
1292
74
1292
1292
1292
1292
1292
1292
1292
1292
1292
1292
1292
1292
1292
1292
1292
1292
74
74
1292
1292
1292
1292
1292
1292
1292
1292
1292
1292
1292
1292
1292
1292
1292
1292
1292
1292
1292
1292
74
74
1292
1292
1292
74
1292
1292
1292
1292
1292
1292
1292
1292
74
1292
1292
1292
1292
1292
1292
1292
1292
1292
74
1292
1292
1292
1292
1292
1292
1292
1292
1292
1292
1292
1292
1292
1292
1292
1292
1292
1292
1292
1292
1292
1292
1292
1292
1292
1292
1292
1292
74
75
75
1292
1292
1292
1292
1292
1292
1292
1292
1292
75
1292
1292
1292
1292
1292
1292
75
1292
1292
1292
1292
1292
1292
1292
1292
1292
75
1292
1292
1292
1292
1292
1292
75
1292
1292
1292
1292
75
1292
1292
1292
1292
1292
1292
1292
1292
75
1292
1292
76
1292
1292
1292
1292
1292
1292
1292
1292
1292
1292
1292
1292
1292
1292
1292
1292
1292
1292
1292
1292
1292
1292
1292
1292
1292
1292
1292
1292
75
1292
1292
81
1292
1292
75
1292
1292
1292
1292
75
1292
1292
1292
1292
1292
1292
75
1292
1292
1292
1292
1292
1292
1292
1292
74
1292
1292
1292
1292
1292
1292
1292
1292
1292
1292
1292
1292
1292
1292
1292
1292
1292
1292
1292
1292
1292
1292
1292
1292
1292
1292
1292
1292
1292
1292
1292
1292
1292
1292
1292
1292
1292
1292
1292
1292
1292
1292
1292
1292
1292
1292
1292
1292
1292
1292
1292
1292
1292
1292
1292
1292
1292
1292
1292
1292
1292
1292
1292
1292
1292
1292
1292
1292
1292
74
74
1292
74
74
1292
1292
75
75
1292
75
75
1292
1292
1292
1292
1292
75
1292
1292
1292
1292
1292
1292
1292
1292
1292
1292
1292
1292
1292
75
1292
1292
1292
1292
1292
1292
1292
1292
1292
1292
1292
1292
1292
1292
1292
1292
1292
1292
1292
1292
1292
1292
1292
1292
1292
1292
1292
1292
1292
1292
1292
1292
1292
1292
1292
1292
75
1292
1292
1292
1292
1292
1292
1292
1292
1292
1292
1292
1292
1292
1292
1292
1292
1292
1292
1292
1292
1292
1292
1292
1292
1292
1292
1292
1292
1292
1292
1292
1292
1292
1292
1292
1292
1292
1292
1292
1292
1292
1292
1292
1292
1292
1292
1292
1292
1292
1292
1292
1292
1292
1292
1292
1292
1292
1292
1292
1292
1292
1292
1292
1292
1292
1292
1292
75
75
75
75
80
1292
75
1292
1292
1292
1292
1292
1292
1292
75
75
75
75
75
1292
1292
1292
1292
1292
1292
1292
1292
1292
1292
74
1292
1292
1292
1292
1292
1292
1292
1292
1292
1292
1292
1292
1292
1292
1292
1292
1292
1292
75
75
1292
1292
1292
1292
1292
75
1292
1292
1292
1292
1292
1292
1292
1292
75
1292
1292
1292
1292
1292
1292
1292
1292
1292
1292
1292
1292
1292
1292
1292
1292
1292
1292
1292
76
1292
1292
1292
1292
1292
1292
75
1292
1292
1292
1292
1292
1292
1292
1292
1292
1292
1292
1292
1292
1292
75
75
1292
1292
1292
1292
1292
1292
1292
1292
1292
75
1292
1292
1292
1292
1292
1292
1292
75
1292
1292
1292
1292
76
1292
1292
1292
1292
1292
1292
1292
1292
1292
1292
1292
1292
75
1292
1292
1292
1292
1292
80
1292
1292
1292
76
1292
1292
1292
1292
1292
1292
1292
1292
1292
1292
1027
75
68
75
1288
1292
600
94
212
65
79
68
54
60
196
73
75
1288
1292
1292
1292
1292
1292
1292
1292
1292
1292
1292
1292
1292
1292
78
1292
1292
1292
1292
1292
1292
1292
1292
74
1292
1292
1292
1292
1062
1285
1292
1292
1292
74
1292
1292
1292
1292
1292
1292
1292
1292
1292
74
1292
1292
1292
1292
1292
75
1292
1292
1292
1292
1292
1292
1292
1292
997
1285
1292
1292
1292
1292
1292
1292
1292
1292
1292
1292
1292
1292
1292
1292
1292
1292
1292
1292
1292
1292
1292
1292
1292
1292
1292
1292
1292
1292
1292
1292
1292
1292
1292
1292
1292
1292
1292
1292
1292
1292
1292
1292
1292
1292
1292
1292
1292
1292
1292
1292
1292
1292
701
1285
75
1292
74
75
74
1292
1292
1292
1292
1292
1292
1292
1292
1292
1292
1292
1292
1097
74
75
75
75
75
76
859
75
75
118
65
82
68
1288
1292
595
166
79
1288
1292
1292
1292
1292
1292
1292
1292
74
1292
1292
1292
1292
1292
1292
1292
1292
1292
1292
1292
1292
1292
1292
1292
1292
1292
1292
1292
1292
1292
1292
1292
1292
1292
1292
1292
1292
1292
1292
1292
1292
1292
1292
1292
1292
1292
1292
1292
1292
1292
1292
1292
1292
75
74
74
74
1292
1292
1292
1292
74
1292
1292
1292
74
1292
1292
1292
1292
1292
1292
1292
1292
1292
76
1292
1292
1292
1292
1292
1292
1292
1292
1292
1292
1292
1292
1292
1292
1292
1292
76
1292
75
1292
1292
1292
1292
1292
1292
1292
1292
75
1292
1292
1292
1292
1292
1292
1292
1292
1292
1292
1292
1292
1292
1292
1292
75
75
1292
1292
1292
1292
1292
75
1292
1292
1292
1292
1292
1292
1292
1292
1292
1292
1292
1292
1292
1292
1292
1292
1292
1292
1292
75
75
1292
1292
1292
1292
1292
1292
1292
1292
1292
1292
1292
1292
1292
1292
1292
1292
1292
75
75
1292
1292
1292
1292
1292
1292
1292
1292
1292
1292
1292
1292
1292
1292
75
1292
1292
1292
1292
80
1292
1292
1292
1292
1292
1292
1292
1292
1292
1292
1292
1292
1292
1292
1292
1292
1292
75
75
1292
1292
1292
1292
75
1292
1292
1292
1292
1292
1292
1292
1292
1292
1292
1292
1292
1292
1292
1292
1292
1292
1292
1292
1292
1292
1292
1292
1292
1292
1292
1292
1292
1292
1292
1292
1292
1292
1292
1292
1292
1292
1292
1292
1292
1292
1292
1292
1292
1292
1292
1292
1292
1292
1292
1292
1292
1292
1292
1292
1292
75
74
74
74
1292
1292
1292
75
75
1292
1292
1292
1292
1292
1292
1292
1292
1292
1292
1292
1292
1292
1292
75
1292
1292
1292
1292
1292
1292
75
1292
75
1292
1292
1292
1292
1292
1292
1292
1292
1292
1292
1292
1292
1292
1292
1292
1292
1292
1292
1292
1292
1292
1292
1292
1292
1292
1292
1292
1292
1292
1292
1292
1292
1292
1292
1292
1292
1292
1292
1292
1292
1292
1292
1292
1292
1292
1292
1292
1292
1292
1292
1292
1292
75
1292
1292
1292
1292
75
75
1292
1292
1292
1292
1292
75
1292
75
75
1292
1292
1292
1292
1292
1292
76
1292
1292
81
1292
1292
1292
1292
1292
1292
1292
1292
1292
1292
1292
1292
1292
1292
1292
1292
1292
1292
1292
1292
1292
1292
1292
1292
1292
1292
1292
1292
1292
1292
1292
1292
1292
1292
1292
1292
1292
1292
1292
1292
1292
1292
1292
1292
1292
1292
1292
1292
1292
1292
1292
1292
1292
1292
1292
1292
1292
1292
1292
1292
1292
1292
1292
1292
1292
1292
1292
1292
1292
1292
1292
75
75
1292
75
1292
1292
1292
1292
1292
1292
1292
1292
1292
1292
1292
1292
1292
1292
1292
1292
75
1292
75
74
1292
1292
1292
1292
1292
1292
1292
1292
1292
1292
1292
1292
1292
1292
1292
1292
1292
1292
1292
1292
1292
1292
75
1292
75
75
75
75
1292
1292
1292
1292
1292
1292
1292
1292
1292
1292
1292
1292
1292
1292
1292
1292
1292
1292
1292
1292
1292
1292
1292
1292
1292
1292
1292
1292
1292
1292
1292
1292
1292
1292
1292
1292
1292
1292
1292
1292
1292
1292
1292
1292
1292
1292
1292
1292
1292
75
1292
1292
75
75
1292
1292
75
75
1292
75
1292
1292
1292
1292
1292
1292
1292
1292
1292
75
1292
1292
1292
1292
1292
1292
1292
75
1292
1292
1292
1292
1292
1292
1292
1292
1292
1292
1292
80
1292
1292
1292
1292
1292
1292
1292
1292
1292
75
1292
1292
1292
1292
1292
1292
1292
1292
1292
75
1292
1292
1292
1108
75
68
1288
1292
594
1288
94
212
65
87
80
70
69
1288
1292
594
73
69
163
79
1288
1292
1292
1292
1292
1292
1292
74
1292
1292
1292
1292
1292
1292
1292
75
1292
1292
75
1292
1292
1292
1292
1292
1292
1292
1292
1292
1292
1292
1292
1292
1292
1292
1292
1292
1292
1292
1292
1292
1292
1292
1292
1292
1292
1292
1292
1292
1292
1292
1292
1292
74
74
74
1292
1292
1292
1292
1292
1292
1292
1292
1292
74
1292
1292
1292
1292
1292
1292
1292
1292
1292
1292
1292
1292
74
1292
1292
1292
1292
1292
1292
1292
1292
74
1292
1292
1292
1292
1292
1292
1292
1292
1292
1292
1292
1292
1292
1292
1292
1292
1292
1292
1292
75
1292
1292
75
1292
1292
1292
1292
1292
75
1292
1292
1292
1292
1292
1292
1292
1292
75
1292
1292
1292
1292
1292
1292
1292
1292
1292
75
1292
1292
1292
1292
1292
1292
1292
1292
1292
75
1292
1292
1292
1292
1292
1292
1292
1292
1292
1292
1292
1292
75
1292
1292
1292
1292
75
1292
1292
1292
1292
1292
1292
1292
1292
1292
1292
1292
75
1292
1292
1292
1292
1292
1292
1292
76
1292
1292
1292
1292
1292
1292
1292
1292
1292
1292
1292
1292
1292
1292
1292
1292
1292
1292
1292
80
75
1292
1292
1292
1292
1292
1292
1292
1292
75
1292
1292
1292
1292
1292
1292
1292
1292
1292
1292
1292
1292
1292
1292
1292
1292
1292
1292
1292
1292
1292
1292
1292
1292
75
1292
1292
1292
1292
1292
1292
1292
1292
1292
1292
1292
1292
1292
1292
1292
1292
1292
1292
1292
1292
1292
1292
1292
75
1292
1292
1292
1292
1292
1292
1292
1292
1292
1292
1292
1292
1292
1292
1292
1292
1292
1292
1292
1292
1292
1292
1292
1292
1292
1292
1292
1292
1292
1292
1292
1292
1292
1292
1292
1061
76
74
74
75
75
75
76
1287
1292
599
167
1287
1292
1292
1292
79
1292
1292
1292
1292
1292
1292
75
1292
1292
1292
1292
1292
1292
1292
74
1292
1292
1292
1292
1292
1292
1292
1292
1292
74
1292
1292
1292
1292
1292
1292
74
1292
1292
1292
1292
1292
1292
1292
74
1292
1292
1292
1292
1292
1292
1292
1292
1292
1292
1292
1292
1292
1292
1292
1292
1292
1292
74
1292
1292
74
1292
1292
1292
1292
1292
1292
1292
1292
1292
1292
1292
1292
1292
75
1292
1292
1292
1292
1292
1292
1292
1292
1292
1292
1292
75
1292
1292
1292
1292
1292
1292
1292
1292
1292
1292
1292
1292
1292
1292
1292
1292
1292
1292
1292
1292
1292
75
1292
75
1292
75
1292
1292
75
1292
1292
1292
1292
1292
1292
1292
1292
75
1292
1292
1292
1292
1292
1292
1292
1292
1292
75
1292
1292
75
1292
1292
1292
1292
1292
1292
1292
1292
1292
1292
568
75
1292
1292
1292
122
76
82
82
1292
1292
1292
1292
1292
345
120
989
967
72
66
74
162
71
73
1287
1292
599
606
63
606
77
75
95
1287
1292
1292
1292
1292
1292
1292
1292
1292
1292
1292
1292
1292
1292
1292
1292
1292
1292
1292
1292
1292
1292
78
74
1292
1292
1292
1292
1292
1292
1292
1292
1292
1292
1292
1292
74
1292
1292
1292
1292
1292
1292
1292
1292
1292
1292
1292
1292
1292
1292
1292
1292
1292
1292
1292
74
74
1292
1292
1292
1292
1292
1292
1292
1292
1292
1292
1292
1292
1292
74
1292
1292
1292
1292
75
1292
1292
1292
1292
75
1292
1292
1292
1292
1292
1292
1292
1292
1292
1292
1292
1292
1292
75
75
66
1292
1292
1292
1292
1292
1292
1292
1292
1292
1292
1292
1292
1292
1292
1292
1292
1292
1292
75
75
1292
1292
1292
1292
1292
1292
1292
1292
1292
75
1292
1292
1292
1292
1292
1292
1292
1292
1292
1292
1292
1292
1292
1292
1292
1292
1292
1292
1292
1292
1292
1292
1292
75
1249
75
75
215
215
1285
76
75
75
215
71
123
65
82
68
68
215
1287
1292
600
167
1287
1292
1292
1292
1292
1292
1292
1292
1292
1292
1292
1292
1292
1292
1292
1292
1292
1292
1292
1292
1292
1292
1292
1292
1292
78
74
1292
1292
1292
1292
1292
1292
1292
1292
1292
1292
1292
1292
1292
1292
74
74
1292
1292
1292
1292
1292
1292
1292
1292
1292
74
1292
1292
1292
1292
1292
1292
75
1292
1292
1292
1292
1292
74
1292
1292
1292
1292
1292
1292
1292
1292
1292
1292
1292
1292
74
1292
1292
1292
1292
1292
1292
1292
1292
1292
1292
1292
1292
1292
1292
1292
1292
1292
75
74
76
1292
1292
1292
1292
1292
1292
1292
1292
1292
1292
1292
1292
1292
1292
1292
1292
1292
1292
1292
1292
75
75
1292
1292
1292
1292
1292
1292
1292
1292
1292
1292
75
1292
1292
1292
1292
1292
1292
1292
1292
1292
1292
75
1292
1292
1292
1292
1292
1292
1292
1292
1292
1292
1292
1292
75
1292
1292
1292
1292
1292
1292
1292
1292
1292
75
1292
1292
1292
1292
1292
1292
1292
75
1292
1292
1292
1292
1292
1292
1292
1292
1292
1292
1292
1292
1292
1292
1292
75
1292
1292
75
1292
1292
1292
81
1292
1292
1292
1292
1292
1292
1292
1292
1292
75
1292
1292
1292
1292
1292
1292
1292
1292
1292
1292
75
1292
1292
1292
75
1292
1292
76
1292
1292
1292
1292
1292
1292
1292
1292
1292
1292
1292
1292
1292
1292
1292
1292
1292
1292
1292
1292
1292
1292
1292
1292
1292
1292
1292
1292
1292
1292
1292
1292
1292
1292
1292
1292
1292
75
75
75
1292
1292
1292
1292
1292
1292
1292
1292
1292
1292
1292
1292
1292
1292
1292
1292
1292
75
1292
1292
1292
1292
75
1292
1292
75
1292
1292
1292
1292
1292
1292
1292
1292
1292
1292
1292
1292
1292
1292
75
1292
1292
1292
1292
1292
1292
1292
1292
75
1292
1292
1292
1292
1292
1292
1292
1292
1292
1292
1292
1292
1292
75
1292
1292
1292
75
1292
1292
1292
1292
1292
1292
1292
1292
75
1292
1292
1292
1292
1292
1292
1292
1292
1292
1292
1292
1292
75
1292
75
1292
1292
1292
1292
1292
1292
1292
1292
1292
1292
1292
1292
1292
1292
75
1292
75
1292
1292
1292
1292
1292
1292
1292
1292
1292
1292
1292
1292
1292
1292
1292
1292
1292
1292
1292
1292
1292
1292
80
1292
75
1292
75
1292
1292
1292
1292
1292
1292
1292
1292
1292
1292
1292
1292
1292
1292
1292
1292
75
1292
1292
1292
1292
1292
75
1292
1292
1292
1292
1292
1292
75
1292
1292
1292
1292
1292
1292
1292
1292
1292
75
1292
1292
1292
1292
1292
1292
1292
1292
1292
75
1292
1292
1292
1292
1292
1292
1292
1292
1292
1292
1292
1292
1292
1292
1292
1292
1292
1292
1292
1292
1292
1292
1292
1292
1292
1292
1292
1292
1292
75
75
75
1292
1292
1292
1292
1292
1292
1292
1292
1292
1292
1292
1292
1292
1292
1292
1292
1292
1292
1292
1292
1292
1292
1292
1292
1292
1292
1292
1292
1292
1292
1292
1292
1292
1292
1292
1292
1292
1292
1292
1292
1292
1292
1292
1292
1292
1292
1292
1292
1292
1292
1292
1292
1292
1292
1292
1292
1292
1292
1292
1292
1292
1292
1292
1292
1292
1292
1292
1292
1292
1292
75
1292
1292
1292
1292
1292
1292
1292
1292
1292
1292
1292
1292
1292
1292
1292
1292
1292
1292
1292
1292
1292
1292
336
75
75
75
75
75
75
75
75
80
76
68
864
75
75
120
65
82
68
922
75
75
445
175
82
1146
68
70
74
107
63
77
66
54
60
1287
1292
600
167
1287
1292
1292
1292
1292
1292
1292
1292
1292
1292
78
1292
1292
1292
1292
1292
74
1292
1292
1292
1292
1292
1292
1292
74
1292
1292
1292
1292
1292
1292
74
1292
1292
1292
1292
1292
1292
1292
1292
1292
1292
74
1292
1292
1292
1292
1292
75
1292
1292
1292
1292
1292
1292
1292
1292
1292
1292
1292
1292
74
1292
1292
1292
1292
1292
1292
75
1292
1292
1292
1292
1292
1292
1292
1292
1292
1292
1292
1292
1292
75
74
1292
1292
1292
1292
1292
1292
1292
1292
1292
1292
1292
1292
1292
1292
1292
1292
1292
1292
1292
1292
1292
1292
1292
1292
1292
76
75
1292
1292
1292
1292
75
1292
1292
1292
1292
1292
1292
1292
1292
75
1292
1292
1292
1292
76
1292
1292
1292
1292
1292
1292
1292
1292
1292
1292
1292
1292
1292
1292
75
1292
1292
1292
1292
1292
1292
1292
75
1292
1292
1292
1292
1292
1292
1292
1292
1292
1292
1292
75
1292
1292
1292
1292
1292
1292
1292
1292
1292
1292
75
1292
1292
1292
1292
1292
1292
1292
1292
1292
1292
1292
1292
76
1292
1292
1292
1292
1292
1292
80
1292
1292
1292
1292
1292
1292
75
1292
1292
1292
1292
1292
1292
1292
1292
1292
75
1292
1292
1292
1292
1292
1292
1292
1292
1292
1292
1292
1292
1292
1292
1292
1292
1292
75
75
1292
1292
1292
1292
1292
1292
1292
75
1292
1292
1292
1292
1292
1292
1292
1292
1292
1292
1292
1292
1292
1292
75
1292
1292
1292
1292
75
1292
1292
1292
1292
1292
1292
1292
1292
1292
1292
1292
1292
1292
75
1292
1292
1292
1292
1292
1292
1292
1292
1292
1292
1292
1292
1292
1292
1292
1292
1292
75
1292
75
1292
1292
1292
1292
1292
1292
1292
1292
1292
1292
1292
75
1292
1292
1292
1292
1292
75
1292
1292
1292
1292
1292
1292
1292
75
1292
1292
75
1292
1292
1292
1292
1292
1292
1292
1292
1292
1292
1292
1292
1292
1292
1292
1292
1292
1292
1292
1292
1292
75
75
1292
1292
1292
1292
1292
1292
1292
1292
1292
1292
1292
1097
75
75
76
54
60
1287
1292
600
1287
167
1287
1292
1292
1292
1292
1292
1292
1292
1292
1292
1292
1292
1292
1292
1292
1292
1292
1292
1292
1292
1292
79
1292
1292
74
1292
1292
1292
1292
1292
1292
1292
1292
1292
1292
1292
1292
1292
1292
1292
1292
1292
1292
1292
1292
1292
1292
1292
74
1292
1292
74
74
1292
1292
1292
1292
1292
1292
1292
74
1292
1292
1292
74
1292
1292
1292
1292
1292
1292
1292
1292
1292
1292
1292
1292
1292
1292
1292
75
1292
1292
1292
1292
1292
75
1292
1292
1292
1292
1292
1292
1292
1292
1292
1292
75
1292
1292
1292
1292
1292
1292
1292
1292
1292
1292
1292
1292
75
1292
1292
1292
1292
1292
1292
1292
1292
1292
1292
1292
75
1292
1292
1292
1292
1292
1292
1292
1292
1292
1292
1292
1292
76
1292
1292
1292
75
1292
1292
1292
1292
1292
1292
1292
1292
75
77
77
1292
1292
1292
77
77
1292
78
1292
84
1292
79
1292
1292
79
1292
79
1292
1292
636
1292
1292
1292
1292
1292
1292
79
1292
1292
1292
1292
1292
1292
1292
1292
1292
1292
79
1292
1292
80
1292
1292
1292
1292
1292
1292
1292
1292
1292
1292
1292
1292
1292
1292
79
1292
1292
1292
1292
1292
1292
1292
1292
1292
1292
1292
1292
1292
1292
1292
1292
1292
1292
1292
79
1292
79
1292
1292
1292
1292
1292
1292
1292
1292
1292
80
1292
1292
1292
1292
1292
1292
1292
1292
80
1292
1292
1292
1292
1292
1292
82
82
82
82
1292
1292
1292
1292
1292
83
84
81
81
81
1292
1292
86
1292
1292
1292
1292
1292
1292
1292
1292
82
1292
1292
1292
1292
1292
1292
1292
1292
1292
1292
81
73
1292
1292
1292
1292
1292
1292
1292
1292
1292
1292
81
1292
1292
1292
1292
1292
1292
1292
1292
1292
1292
1292
1292
81
1292
1292
1292
1292
1292
1292
1292
1292
81
975
69
75
1287
1292
600
54
60
1287
167
213
66
69
78
68
54
60
1287
1292
600
167
1287
1292
1292
78
1292
1292
1292
1292
1292
1292
1292
1292
1292
74
1292
1292
1292
1292
1292
1292
1292
1292
1292
1292
74
1292
1292
74
1292
1292
1292
1292
1292
1292
1292
1292
1292
1292
74
1292
1292
1292
1292
1292
1292
1292
1292
1292
1292
1292
1292
1292
1292
75
1292
74
1292
1292
1292
1292
1292
1292
1292
1292
74
1292
1292
1292
1292
1292
1292
1292
1292
1292
1292
75
1292
1292
1292
75
1292
1292
1292
1292
1292
1292
1292
1292
1292
1292
1292
75
1292
1292
1292
1292
1292
1292
1292
1292
75
1292
1292
1292
1292
1292
1292
1292
1292
1292
1292
1292
75
1292
75
1292
1292
1292
1292
1292
1292
1292
1292
1292
1292
75
1292
1292
1292
1292
1292
1292
1292
1292
1292
1292
1292
1292
1292
1292
1292
1292
1292
75
1292
75
1292
1292
1292
1292
1292
1292
1292
1292
1292
1292
1292
75
1292
1292
1292
1292
1292
1292
1292
1292
1292
1292
1292
1292
75
1292
1292
1292
1292
1292
1292
1292
75
1292
1292
1292
1292
1292
1292
1292
1292
1292
1292
1292
80
1292
75
1292
1292
1292
1292
1292
1292
1292
1292
1292
1292
75
1292
1292
1292
1292
1292
1292
1292
1292
1292
1292
1292
1292
1292
1292
1292
1292
75
1292
75
1292
1292
1292
1292
1292
1292
1292
75
1292
1292
1292
1292
1292
1292
1292
1292
75
1292
1292
1292
1292
1292
1292
1292
1292
1292
1292
1292
1292
75
1292
1292
1292
1292
1292
1292
1292
1292
1292
1292
1292
1292
1292
1292
1292
1292
1292
1292
1292
1292
1292
1292
1292
1292
1292
1292
1292
75
1292
1292
1292
1292
75
74
1292
1292
1292
1292
1292
1292
1292
74
1292
1292
1292
1292
1292
1292
75
1292
1292
1292
1292
1292
1292
1292
1292
1292
1292
1292
1292
1292
1292
75
1292
1292
1292
1292
1292
1292
1292
1292
1292
1292
1292
1292
1292
1292
1292
75
75
1292
1292
1292
1292
1292
1292
1292
1292
1292
1292
1292
1292
1292
1292
75
75
1292
1292
1292
1292
1292
1292
1292
1292
1292
75
1292
1292
1292
1292
1292
1292
1292
1292
75
1292
1292
1292
1292
1292
1292
1292
1292
1292
1292
1292
1292
80
1292
1292
1292
1292
1292
1292
1292
1292
1292
1292
1292
1292
1292
1292
1292
1292
1292
1292
1292
1292
1292
1292
1292
1292
1292
1292
1292
1292
1292
1292
1292
1292
1292
1292
1292
1292
1292
1292
76
1292
1292
75
75
75
1292
1292
1292
75
1292
1292
1292
1292
1292
1292
1292
1292
1292
1292
75
1292
1292
1292
1292
1292
1292
1292
1292
1292
1292
1292
75
1292
1292
1292
1292
1292
1292
1292
1292
1292
1292
1292
1292
75
1292
1292
1292
1292
1292
1292
1292
75
1292
1292
1292
1292
1292
1292
1292
1292
1292
75
1292
1292
1292
1292
1292
1292
1292
1292
1292
1292
1292
1292
75
1292
1292
1292
1292
1292
1292
1292
1292
1292
1292
1292
1292
1292
1292
1292
1292
1292
1292
1292
75
1292
77
1292
77
77
77
1292
1292
1292
1292
1292
1292
1292
1292
1292
1292
1292
77
1292
1292
77
1292
1292
1292
1292
1292
1292
77
1292
1292
1292
1292
82
1292
1292
1292
1292
1292
1292
1292
1292
1292
1292
77
1292
1292
1292
1292
1292
1292
1292
1292
1292
1292
1292
77
1292
1292
1292
1292
1292
1292
1292
1292
1292
1292
77
1292
1292
1292
1292
1292
1292
1292
77
1292
1292
1292
1292
1292
1292
78
1292
1292
1292
1292
1292
1292
1292
1292
1292
1292
78
1292
1139
1292
1292
1292
68
74
1287
1292
600
167
79
1287
1292
1292
1292
1292
1292
1292
1292
1292
1292
1292
74
1292
1292
1292
1292
1292
1292
1292
1292
1292
1292
74
1292
1292
1292
1292
1292
1292
1292
75
1292
1292
1292
1292
1292
1292
1292
1292
1292
1292
1292
1292
1292
1292
1292
1292
1292
1292
1292
1292
1292
1292
1292
1292
74
74
1292
1292
1292
1292
1292
79
1292
1292
1292
1292
1292
1292
1292
1292
1292
1292
1260
1284
1292
1292
1292
1292
75
1292
75
1292
1292
1292
1292
1292
1292
1292
1292
1292
1292
1292
1292
75
1292
1292
1292
1292
1292
76
1292
1292
1292
1292
1292
76
1292
1292
1292
1292
1292
1292
1292
1292
1292
1292
75
1292
1292
1292
1292
1292
1292
1292
1292
1292
1292
1292
74
1292
1292
1292
1292
74
1292
1292
1292
1292
1292
1292
1292
1292
1292
1292
1292
1292
75
1292
1292
75
1292
1292
1292
1292
1292
1292
1292
1292
1292
1292
1292
1292
1292
1292
1292
1292
1292
1292
1292
1292
1292
1292
1292
1292
1292
1292
1292
1292
1292
1292
1292
1292
1292
1292
1292
1292
1292
1292
1292
1292
1292
75
1292
1292
1292
1292
1292
1292
1292
1292
1292
1292
1292
1292
1292
1292
1292
1292
1292
1292
75
1292
75
1292
75
1292
1292
1292
1292
75
1292
75
1292
75
1292
1292
1292
1292
1292
75
1292
1292
1292
1292
1292
1292
1292
1292
1292
1292
1292
1292
1292
75
1292
1292
1292
1292
1292
1292
1292
1292
1292
1292
1292
1292
1292
1292
80
75
1292
1292
1292
1292
1292
1292
1292
1292
1292
75
1292
1292
1292
1292
1292
1292
1292
1292
1292
1292
1292
1292
1292
75
1292
1292
1292
1292
1292
1292
1292
1292
1292
1292
1292
1292
75
77
77
77
77
1292
1292
1292
1292
1292
1292
1292
1292
1292
1292
77
1292
1292
1292
1292
1292
1292
1292
1292
1292
77
1292
1292
1292
1292
1292
1292
1292
1292
1292
1292
1292
1292
1292
1292
1292
1292
77
76
1292
76
1292
1292
1292
1292
1292
1292
1292
1292
76
1292
1292
1292
1292
1292
1292
1292
1292
1292
1292
1292
1292
1292
1292
1292
1292
1292
1292
1292
1292
1292
1292
1292
1292
1292
1292
1292
1292
1292
1292
1292
1292
1292
1292
1292
1292
1292
1292
1292
1292
1292
1292
1292
1292
1292
1292
1292
1292
1292
1292
1292
76
1292
1292
76
77
77
1292
77
1292
1292
1292
82
1292
1292
1292
1292
78
1292
1292
1292
1292
1292
1292
74
1292
1292
1292
1292
1292
1292
1292
1292
1292
1292
1292
1292
1292
1292
1292
1292
1292
1292
1292
1292
1292
1292
1292
1292
1292
1292
1292
1292
1292
1292
1292
1292
1292
1292
1292
1292
1292
1292
1292
1292
1292
1292
1292
1292
1292
1292
1292
1292
1292
1292
1292
1292
1292
1292
1292
1292
1292
1292
1292
1292
1292
1292
1292
1292
1292
1292
1292
1292
1292
1292
1292
1292
1292
1292
1292
1292
1292
1292
1292
1292
1292
1292
1292
1292
1292
1292
1292
1292
1292
1292
1292
1292
1292
1292
1292
1292
1292
1292
1292
1292
74
1292
1292
1292
1292
1292
1292
1292
1292
1292
1292
1292
1292
1292
1292
1292
1292
74
930
74
74
74
75
75
75
75
75
75
76
759
759
70
132
77
63
67
67
74
54
60
54
54
60
60
1287
1292
602
167
1287
1292
1292
1292
1292
1292
1292
1292
1292
1292
1292
1292
1292
1292
1292
1292
78
1292
1292
1292
1292
1292
1292
74
75
1292
1292
1292
1292
1292
1292
1292
1292
1292
1292
1292
1292
1292
1292
1292
1292
1292
1292
1292
1292
74
74
1292
1292
1292
1292
1292
1292
75
1292
1292
1292
1292
1292
1292
1292
1292
1292
1292
74
1292
1292
1292
1292
1292
1292
1292
1292
1292
1292
75
1292
1292
1292
1292
1292
1292
1292
1292
1292
1292
1292
1292
75
1292
1292
1292
1292
1292
1292
1292
1292
1292
1292
1292
1292
1292
1292
1292
1292
75
1292
1292
75
1292
1292
1292
1292
75
1292
1292
1292
1292
1292
1292
1292
1292
1292
1292
75
1292
1292
1292
1292
1292
1292
1292
1292
1292
1292
1292
1292
1292
1292
1292
1292
75
1292
1292
1292
75
1292
1292
1292
1292
1292
1292
1292
1292
1292
1292
1292
1292
1292
1292
1292
75
1292
75
1292
1292
1292
75
1292
1292
1292
1292
1292
1292
1292
1292
1292
1292
1292
1292
1292
1292
1292
1292
1292
1292
1292
1292
1292
1292
1292
1292
1292
1292
1292
1292
1292
1292
1292
1292
1292
1292
1292
1292
1292
1292
1292
1292
1292
1292
1292
1292
1292
1292
1292
1292
1292
1292
1292
1292
1292
1292
1292
1292
1292
1292
1292
1292
1292
1292
1292
1292
1292
1292
1292
1292
1292
1292
1292
1292
1292
1292
1292
1292
1292
1292
75
1292
1292
1292
1292
1292
1292
1292
1292
75
1292
1292
1292
1292
80
75
1292
1292
1292
1292
1292
1292
1292
75
1292
1292
75
1292
1292
1292
1292
1292
1292
1292
1292
1292
1292
1292
1292
1292
1292
1292
1292
1292
1292
1292
1292
1292
1292
1292
1292
1292
1292
1292
1292
1292
75
75
75
75
75
75
1292
1292
1292
1292
1292
1292
1292
1292
1292
1292
1292
1292
1292
1292
1292
1292
1292
1292
1292
1292
1292
1292
1292
1292
1292
1292
1292
1292
1292
1292
1292
1292
1292
1292
1292
1292
1292
1292
1292
1292
1292
1292
1292
1292
1292
1292
1292
1292
1292
1292
1292
1292
1292
1292
1292
1292
1292
1292
1292
1292
1292
1292
1292
1292
1292
1292
1292
1292
1292
1292
1292
1292
1292
1292
1292
1292
1292
1292
1292
1292
1292
1292
1292
1292
1292
1292
1292
1292
1292
1292
1292
1292
1292
1292
1292
1292
1292
1292
1292
1292
1292
75
1292
75
1292
1292
1292
1292
75
1292
1292
75
1292
1292
1292
1292
1292
1292
1292
1292
1292
1292
1292
1292
1292
1292
1292
1292
1292
1292
1292
1292
1292
1292
1292
1292
1292
1292
1292
1292
1292
1292
1292
1292
1292
1292
1292
1292
1292
1292
1292
1292
1292
1292
1292
1292
1292
1292
1292
893
75
75
75
75
77
77
82
77
77
77
77
77
77
77
78
79
1292
1292
1292
1292
75
393
75
393
70
107
63
77
67
67
74
1285
82
75
75
125
65
82
68
1287
1292
602
167
79
1287
1292
1292
1292
1292
1292
1292
1292
1292
1292
1292
1292
1292
1292
1292
1292
1292
1292
74
1292
74
1292
1292
1292
1292
1292
1292
1292
1292
1292
1292
74
1292
1292
1292
1292
1292
1292
1292
74
1292
1292
1292
1292
1292
1292
1292
1292
1292
1292
1292
1292
1292
1292
74
1292
1292
1292
74
75
1292
1292
1292
1292
1292
1292
1292
1292
1292
1292
1292
1292
1292
1292
1292
1292
1292
1292
1292
1292
1292
1292
1292
1292
1292
1292
1292
1292
1292
1292
1292
1292
1292
1292
1292
1292
1292
1292
1292
1292
1292
1292
1292
1292
1292
1292
1292
1292
1292
1292
1292
1292
1292
1292
1292
1292
1292
1292
1292
1292
1292
1292
1292
1292
1292
1292
1292
1292
1292
1292
1292
1292
1292
1292
1292
74
75
75
75
75
75
75
1292
1292
1292
1292
75
1292
1292
1292
1292
1292
1292
1292
1292
1292
1292
1292
75
1292
1292
1292
1292
1292
1292
1292
1292
1292
1292
1292
1292
75
1292
1292
1292
1292
1292
1292
1292
1292
75
1292
1292
1292
1292
1292
1292
1292
1292
1292
1292
1292
1292
75
80
1292
1292
1292
1292
76
1292
1292
1292
1292
1292
1292
1292
1292
1292
1292
75
1292
1292
1292
1292
1292
1292
1292
1292
1292
1292
1292
75
1292
1292
1292
1292
1292
1292
1292
1292
1292
75
1292
1292
1292
1292
1292
1292
1292
1292
1292
1292
1292
75
1292
1292
1292
1292
1292
1292
1292
1292
1292
1292
75
1292
1292
1292
1292
1292
1292
1292
1292
1292
1292
75
1292
1292
1292
1292
75
1292
1292
1292
1292
1292
1292
1292
1292
1292
1292
75
1292
1292
1292
1292
1292
1292
1292
1292
1292
1292
75
1292
1292
1292
1292
1292
1292
1292
1292
1292
1292
1292
1292
1292
1292
1292
1292
1292
1292
1292
75
75
1292
1292
1292
1292
1292
1292
1292
1292
1292
1292
1292
1292
1292
1292
75
75
1292
1292
1292
1292
1292
1292
1292
1292
1292
1292
75
1292
1292
1292
1292
1292
1292
75
1292
1292
1292
1292
1292
1292
1292
1292
1292
1292
75
1292
1292
1292
1292
1292
1292
1292
1292
1292
1292
1292
75
1292
1292
1292
1292
1292
1292
1292
1292
1292
1292
1292
1292
1292
75
1292
80
1292
1292
1292
1292
1292
1292
1292
1292
1292
1292
1292
1292
1292
75
75
1292
1292
1292
1292
1292
1292
1292
1292
1292
1292
1292
1292
1292
1292
75
1292
1292
1292
1292
1292
75
1292
1292
1292
1292
1292
1292
1292
1292
1292
1292
1292
1292
1292
1292
1292
1292
75
75
1292
1292
1292
1292
478
67
74
1292
1292
1292
121
82
82
1292
1292
1292
1292
1292
1292
446
888
220
120
66
73
162
73
1287
1292
602
167
1287
79
1292
1292
1292
1292
1292
1292
1292
1292
1292
1292
1292
1292
1292
1292
1292
1292
1292
1292
1292
1292
1292
1292
1292
1292
1292
1292
1292
1292
1292
1292
1292
1292
1292
1292
1292
1292
1292
1292
1292
1292
1292
1292
1292
1292
1292
1292
1292
74
74
1292
74
1292
1292
1292
1292
1292
1292
1292
1292
74
74
1292
1292
1292
1292
74
1292
1292
1292
1292
1292
1292
1292
76
1292
1292
1292
1292
1292
1292
1292
1292
1292
1292
1292
1292
75
1292
1292
1292
1292
76
1292
1292
1292
1292
1292
1292
1292
1292
1292
75
1292
1292
1292
1292
1292
1292
1292
1292
1292
1292
1292
75
1292
1292
1292
1292
1292
1292
1292
1292
1292
1292
1292
75
1292
1292
1292
1292
1292
1292
1292
1292
1292
1292
1292
1292
1292
1292
1292
1292
1292
1292
1292
1292
1292
1292
1292
1292
1292
1292
1292
1292
1292
1292
541
1284
1292
1292
1292
1292
1292
1292
1292
1292
1292
1292
1292
1292
1292
1292
1292
1292
1292
1292
1292
1292
1292
1292
1292
1292
1292
1292
1292
1292
1292
1292
1292
1292
1292
1292
1292
1292
1292
1292
1292
1292
1292
1292
1292
1292
1292
75
75
75
75
75
75
75
80
1292
1292
76
76
1292
1292
1292
1292
1292
1292
1292
1292
1292
1292
1292
1292
1292
1292
1292
1292
75
1292
1292
1292
1292
1292
1292
75
1292
1292
1292
1292
1292
1292
1292
1292
1292
1292
75
1292
1292
1292
1292
76
1292
1292
1292
1292
1292
1292
1292
1292
1292
1292
1292
1292
1292
1292
1292
1292
1292
1292
1292
1292
1292
1292
1292
1292
1292
1292
1292
1292
1292
1292
1292
1292
1292
1292
1292
1292
1292
1292
1292
1292
1292
1292
1292
1292
1292
1292
1292
1292
1292
1292
1292
1292
1292
1292
1292
1292
1292
1292
1292
1292
1292
1292
1292
1292
1292
1292
1292
1292
1292
75
1292
1292
1292
1292
75
1292
77
77
1292
77
1292
77
77
1292
1292
1292
1292
1292
1292
1292
1292
1292
1292
77
77
1292
1292
1292
1292
77
77
77
79
86
81
81
81
1292
1292
1292
1292
1292
1292
1292
1292
1292
81
1292
1292
1292
1292
1292
1292
1292
1292
1292
1292
81
1292
1292
1292
1292
1292
1292
1292
1292
1292
81
1292
1292
1038
81
1292
1292
74
1292
1292
75
1292
75
1292
1292
1292
1292
1292
1292
1292
1292
74
75
1107
75
75
1287
1292
602
167
1287
78
1292
1292
1292
1292
1292
1292
1292
1292
1292
1292
1292
1292
1292
1292
1292
1292
1292
1292
1292
1292
1292
1292
1292
74
74
1292
1292
1292
1292
1292
1292
1292
1292
1292
1292
1292
1292
1292
1292
74
74
1292
1292
1292
1292
1292
1292
1292
1292
1292
1292
1292
1292
1292
1292
1292
1292
1292
1292
1292
1292
1292
1292
1292
1292
1292
1292
1292
1292
1292
1292
1292
1292
1292
1292
1292
1292
1292
1292
1292
1292
1292
1292
1292
1292
1292
1292
1292
1292
1292
1292
1292
1292
1292
1292
1292
1292
1292
74
74
74
75
75
75
1292
1292
1292
1292
1292
1292
1292
1292
1292
1292
1292
1292
1292
1292
1292
1292
1292
1292
1292
1292
1292
1292
1292
1292
1292
1292
1292
1292
1292
1292
1292
1292
1292
1292
1292
1292
1292
1292
1292
1292
1292
1292
1292
1292
1292
1292
1292
1292
75
1292
1292
1292
1292
1292
1292
1292
1292
1292
1292
1292
1292
1292
1292
1292
1292
75
75
75
75
75
75
1292
1292
1292
1292
1292
1292
1292
121
1292
1292
1292
1292
1292
65
1292
1292
1292
1292
75
1292
1292
75
1292
1292
1292
1292
1292
1292
1292
1292
1292
1292
1292
1292
1292
80
82
1292
1292
1292
1292
1292
1292
1292
1292
76
1292
1292
1292
75
1292
1292
1292
1292
1292
1292
1292
1292
1292
1292
1292
1292
75
1292
1292
1292
1292
1292
1292
75
76
1292
1292
1292
1292
1292
1292
1292
1292
1292
1292
1292
1292
1292
1292
1292
1292
1292
1292
1292
1292
1292
1292
1292
1292
1292
1292
1292
1292
1292
1292
1292
1292
1292
1292
1292
1292
1292
1292
1292
68
1292
1292
1292
1292
1292
1292
75
75
1292
1292
75
75
1292
1292
1292
1292
75
1292
1292
1292
1292
1292
1292
1292
1292
1292
1292
1292
1292
1292
1292
1292
1292
1292
1292
1292
1292
1292
1292
75
75
1292
1292
1292
1292
1292
1292
1292
1292
1292
1292
1292
1292
1292
1292
1292
1292
1292
1292
1292
1292
1292
1292
1292
1292
1292
75
75
75
1292
1292
1292
1292
1292
1292
1292
1292
1292
75
1292
1292
1292
1292
1292
76
1292
1292
1292
1292
1292
1292
1292
1292
1292
1292
1292
1292
1292
75
1292
1292
1292
1292
1292
1292
1292
75
1292
1292
1292
1292
1292
1292
1292
1292
1292
1292
1292
1292
1292
1292
1292
1292
1292
1292
1292
80
1292
75
1292
1292
1292
75
1292
1292
1292
1292
1292
1292
1292
1292
1292
1292
1292
75
1292
1292
1292
1292
1292
1292
1292
1292
1292
1292
1292
1292
1292
75
1292
1292
1292
1292
1292
75
1292
1292
1292
1292
1292
1292
1292
917
75
76
67
1287
1292
602
169
79
213
66
68
75
1287
1292
602
172
1287
1292
1292
1292
1292
1292
1292
1292
78
75
1292
1292
1292
1292
1292
1292
1292
1292
1292
1292
1292
1292
74
1292
1292
1292
1292
1292
1292
1292
74
1292
1292
1292
1292
1292
1292
1292
1292
1292
1292
1292
1292
1292
1292
1292
1292
1292
1292
1292
1292
1292
1292
1292
1292
1292
1292
1292
1292
1292
1292
1292
1292
1292
1292
1292
1292
1292
1292
1292
1292
1292
1292
1292
1292
1292
74
1292
74
1292
1292
1292
1292
1292
1292
1292
1292
1292
1292
1292
1292
1292
1292
1292
1292
1292
1292
1292
1292
1292
1292
1292
1292
1292
1292
1292
1292
1292
74
74
75
1292
1292
1292
1292
1292
75
1292
75
75
1292
1292
1292
1292
1292
1292
1292
1292
1292
75
1292
1292
1292
1292
1292
1292
1292
1292
1292
1292
75
1292
1292
1292
1292
1292
1292
1292
1292
1292
1292
1292
1292
1292
1292
1292
1292
1292
1292
1292
1292
1292
75
75
1292
1292
1292
1292
1292
1292
1292
1292
1292
1292
1292
1292
1292
1292
1292
1292
1292
1292
1292
1292
1292
1292
1292
1292
1292
1292
1292
1292
1292
1292
1292
1292
1292
1292
1292
1292
1292
1292
1292
1292
1292
1292
1292
1292
1292
1292
1292
1292
1292
1292
1292
1292
1292
1292
1292
1292
1292
1292
1292
1292
1292
1292
1292
1292
1292
1292
1292
1292
1292
1292
1292
1292
1292
1292
1292
1292
1292
1292
1292
1292
1292
1292
1292
1292
1292
1292
1292
1292
1292
1292
1292
1292
1292
1292
1292
1292
1292
1292
1292
1292
1292
1292
1292
1292
1292
1292
1292
1292
1292
1292
1292
75
75
75
1292
1292
75
1292
1292
80
1292
75
1292
1292
1292
75
1292
75
75
1292
75
75
75
75
1292
1292
1292
54
60
1292
1292
1292
1292
1292
1292
1292
1292
1292
1292
1292
76
1292
1292
1292
1292
1292
1292
1292
1292
1292
1292
1292
1292
1292
1292
1292
1292
1292
1292
1292
1292
1292
1292
1292
1292
1292
1292
1292
1292
1292
1292
1292
1292
1292
1292
1292
1292
1292
1292
1292
1292
1292
1292
1292
1292
1292
1292
1292
1292
1292
1292
1292
1292
1292
1292
1292
1292
1292
1292
1292
1292
1292
1292
1292
1292
1292
1292
1292
1292
1292
1292
1292
1292
1292
1292
1292
1292
1292
1292
1292
1292
1292
1292
1292
1292
1292
75
75
75
1292
1292
1292
75
1292
1292
1292
1292
1292
1292
1292
1292
1292
1292
1292
1292
1292
75
75
75
75
75
75
80
1292
1292
1292
1292
1292
1292
1292
1292
1292
1292
1292
1292
1292
1292
1292
1292
1292
1292
1292
1292
1292
1292
1292
1292
1292
1292
1292
1292
1292
1292
1292
1292
1292
1292
1292
1292
1292
1292
1292
1292
1292
1292
1292
1292
1292
1292
1292
1292
1292
1292
1292
1292
1292
1292
1292
1292
1292
1292
1292
1292
1292
1292
75
1292
75
1292
75
1292
1292
1292
1292
1292
1292
1292
1292
1292
1292
1292
1292
76
75
75
75
75
1292
1292
1292
1292
1292
1292
1292
1292
1292
1292
1292
1292
1292
1292
1292
1292
1292
1292
1292
1292
1292
1292
1292
1292
1292
1292
1292
1292
1292
1292
1292
1292
1292
1292
1292
1292
1292
1292
75
75
75
75
1292
1292
1292
75
1292
1292
1292
1292
1292
1292
1292
1292
1292
1292
1292
1292
1292
1292
1292
1292
1292
1292
1292
1292
1292
1292
1292
1292
1292
1292
1292
1292
1292
1292
1292
1292
1292
1292
1292
1292
1292
1292
1292
1292
1292
92
75
75
75
75
76
1287
1292
602
100
213
66
79
68
54
54
60
60
1287
1292
603
175
79
68
1287
1292
1292
1292
1292
1292
1292
1292
75
1292
1292
1292
1292
1292
1292
1292
1292
1292
1292
1292
1292
1292
1292
1292
1292
1292
1292
1292
1292
1292
1292
1292
1292
1292
1292
1292
1292
1292
1292
1292
1292
1292
1292
1292
1292
1292
1292
1292
1292
74
74
74
74
1292
1292
1292
1292
1292
1292
1292
1292
1292
1292
1292
1292
1292
1292
1292
74
1292
1292
1292
1292
1292
1292
1292
1292
1292
1292
1292
75
1292
1292
1292
1292
1292
1292
75
1292
1292
1292
1292
1292
1292
1292
1292
1292
1292
1292
1292
1292
1292
1292
75
1292
1292
1292
1292
1292
1292
1292
1292
75
1292
1292
1292
1292
1292
1292
75
1292
1292
1292
1292
1292
1292
1292
1292
1292
1292
1292
1292
75
1292
1292
1292
1292
1292
1292
1292
1292
1292
1292
1292
1292
1292
1292
1292
1292
1292
1292
1292
1292
1292
1292
1292
75
1292
1292
75
1292
1292
75
1292
1292
1292
1292
1292
1292
1292
1292
1292
1292
1292
1292
1292
1292
1292
1292
1292
1292
1292
1292
1292
1292
1292
1292
1292
1292
1292
1292
1292
75
77
77
77
82
1292
1292
1292
1292
1292
1292
1292
1292
1292
1292
1292
1292
1292
1292
1292
1292
1292
1292
1292
1292
1292
1292
1292
1292
1292
1292
1292
1292
1292
1292
1292
1292
1292
1292
1292
1292
1292
1292
1292
1292
1292
1292
1292
1292
1292
1292
1292
1292
1292
1292
1292
1292
1292
1292
1292
1292
1292
1292
1292
1292
1292
1292
1292
1292
1292
1292
77
1292
1292
1292
1292
1292
1292
79
79
79
79
81
81
81
81
81
1292
81
81
81
81
1292
81
1292
1292
1292
1292
1292
1292
1292
1292
1292
1292
75
1292
1292
1292
1292
1292
82
79
1292
1292
80
1292
80
42
1292
1292
1292
1292
1292
1292
1292
1292
1292
1292
1292
1292
1292
1292
1292
1292
1292
1292
1292
1292
1292
1292
1292
1292
1292
1292
1292
1292
1292
1292
1292
1292
1292
1292
1292
1292
1292
1292
1292
1292
1292
1292
1292
1292
1292
1292
1292
1292
1292
60
1292
1292
1292
1292
1292
84
79
1292
1292
1292
79
1292
1292
1292
1292
1292
1292
79
1292
79
1292
1292
1292
1292
1292
80
1292
1292
1292
1292
1292
1292
79
79
1292
1292
1292
79
1292
1292
1292
1292
1292
1292
1292
1292
79
1292
1292
1292
1292
1292
1292
1292
1292
1292
1292
1292
1292
1292
1292
1292
1292
1292
1292
1292
1292
1292
1292
1292
1292
79
1292
1292
79
79
1292
1292
1292
1292
1292
1292
1292
1292
1292
1292
79
1292
1292
1292
1292
1292
1292
1292
1292
1292
1292
1292
1292
171
75
76
1292
1292
1292
121
82
82
1292
1292
1292
1292
1292
1292
353
981
80
66
120
73
666
1292
162
71
76
75
606
63
606
79
75
77
72
66
67
54
60
1285
88
75
75
1287
1292
603
178
80
1287
125
1292
1292
1292
1292
1292
1292
1292
65
74
81
75
1292
1292
1292
1292
1292
1292
1292
1292
1292
1292
1292
1292
1292
1292
1292
1292
1292
1292
1292
1292
1292
1292
1292
1292
1292
1292
1292
1292
1292
1292
1292
1292
1292
1292
74
74
74
1292
1292
1292
1292
1292
1292
74
1292
1292
1292
1292
1292
1292
1292
1292
1292
1292
1292
1292
1292
1292
1292
1292
1292
1292
1292
1292
1292
74
75
1292
1292
1292
1292
1292
1292
1292
1292
1292
1292
1292
1292
1292
1292
1292
1292
1292
1292
1292
1292
75
75
1292
1292
75
1292
1292
1292
1292
1292
1292
1292
1292
1292
1292
75
1292
1292
1292
1292
1292
1292
1292
1292
1292
1292
1292
1292
1292
1292
1292
1292
75
75
1292
1292
1292
1292
1292
1292
1292
75
1292
1292
1292
1292
75
68
1292
1292
1292
1292
1292
1292
1292
1292
1292
1292
1292
1292
1292
75
1292
1292
1292
1292
663
1284
1292
75
1292
1292
1292
1292
1292
1292
1292
1292
1292
1292
75
1292
1292
1292
1292
1292
1292
1292
1292
1292
1292
1292
80
1292
1292
1292
1292
1292
1292
1292
1292
1292
1292
1292
1292
75
1292
1292
1292
1292
1292
1292
1292
1292
1292
75
1292
1292
1292
76
1292
1292
1292
1292
1292
1292
1292
1292
1292
1292
1292
1292
1292
1292
1292
1292
1292
1292
1292
1292
1292
1292
1292
1292
1292
1292
1292
1292
1292
1292
1292
75
75
75
1292
1292
1292
1292
1292
1292
75
1292
1292
1292
1292
1292
1292
1292
1292
1292
1292
1292
1292
1292
1292
1292
1292
1292
1292
75
75
77
77
1292
1292
1292
1292
77
77
1292
1292
1292
1292
1292
1292
1292
78
1292
1292
1292
1292
1292
1292
1292
1292
1292
1292
1292
1292
1292
1292
1292
1292
1292
1292
1292
1292
1292
1292
1292
1292
1292
1292
1292
1292
1292
1292
1292
1292
1292
1292
1292
1292
1292
1292
1292
1292
1292
1292
1292
1292
1292
1292
1292
1292
1292
1292
1292
1292
1292
1292
1292
1292
1292
1292
1292
1292
1292
1292
77
77
1292
77
79
79
84
79
79
79
1292
1292
1292
1292
1292
1292
79
1292
1292
1292
1292
1292
1292
79
1292
1292
1292
1292
1292
1292
1292
1292
1292
1292
1292
1292
1292
1292
1292
1292
80
79
1292
1292
1292
1292
1292
1292
1292
1292
1292
81
1292
1292
1292
1292
1292
74
1292
1292
74
1292
1292
1292
1292
1292
1292
1292
1292
1292
1292
1292
74
1292
1292
1292
1292
1292
1292
1292
1292
1292
75
1292
1292
1292
1292
1292
1292
1292
75
1292
1292
1292
1292
1292
1292
1292
1292
1292
1292
1292
75
1292
1292
1292
1292
1292
1292
1292
1292
1292
730
76
76
54
60
1287
1292
603
73
165
80
1287
1292
1292
1292
1292
1292
1292
1292
74
1292
1292
1292
1292
1292
1292
1292
1292
1292
1292
1292
1292
1292
1292
74
1292
74
1292
1292
1292
1292
1292
1292
74
1292
1292
1292
1292
1292
1292
1292
1292
1292
1292
74
1292
1292
1292
1292
1292
1292
1292
1292
1292
1292
1292
1292
1292
1292
1292
1292
1292
1292
1292
1292
1292
1292
74
74
1292
1292
1292
1292
1292
1292
1292
1292
75
1292
1292
1292
1292
1292
1292
1292
1292
1292
1292
75
1292
1292
1292
1292
1292
1292
1292
1292
1292
1292
1292
1292
1292
1292
1292
1292
75
1292
1292
1292
1292
1292
1292
1292
75
1292
1292
1292
1292
1292
1292
1292
1292
1292
1292
1292
1292
1292
1292
75
1292
1292
1292
1292
77
1292
77
77
1292
1292
1292
1292
1292
1292
1292
1292
1292
1292
1292
1292
1292
1292
1292
1292
1292
1292
1292
1292
1292
1292
1292
1292
1292
1292
1292
1292
1292
1292
1292
1292
1292
1292
1292
1292
1292
1292
1292
1292
1292
1292
1292
1292
1292
1292
1292
1292
1292
1292
1292
1292
1292
1292
1292
1292
1292
1292
1292
1292
1292
1292
1292
1292
1292
1292
1292
1292
1292
1292
1292
1292
1292
1292
1292
1292
1292
1292
1292
77
1292
1292
1292
1292
1292
1292
1292
77
77
77
82
77
77
78
78
1292
1292
1292
1292
1292
1292
1292
1292
1292
1292
1292
1292
1292
78
1292
78
1292
1292
1292
1292
1292
1292
1292
1292
78
1292
1292
1292
1292
1292
1292
1292
1292
1292
1292
78
79
1292
1292
1292
1292
1292
1292
1292
1292
75
1292
1292
1292
1292
1292
1292
1292
1292
1292
1292
1292
1292
1292
1292
1292
1292
1292
74
1292
1292
1292
1292
74
1292
1292
1292
1292
76
1292
1292
1292
1292
1292
1292
1292
1292
1292
1292
1292
1292
1292
1292
1292
1292
1292
1292
1292
1292
1292
1292
1292
1292
1292
1292
1292
1292
1292
1292
1292
1292
1292
1292
1292
1292
1292
1292
1292
1292
1292
1292
1292
1292
1292
1292
1292
1292
1292
1292
1292
1292
1292
1292
1292
1292
1292
1292
1292
1292
1292
1292
1292
1292
1292
1292
1292
1292
1292
1292
1292
1292
1292
1292
1292
75
1292
1292
1292
1292
1292
1292
1292
1292
1292
1292
1292
1292
1292
1292
75
1292
1292
75
1292
75
1292
1292
1292
1292
1292
1292
1292
1292
1292
75
75
80
1292
1292
1292
1292
1292
1292
75
1292
75
75
1292
1292
1292
75
1292
1292
1292
1292
1292
1292
1292
1292
1292
1292
75
1292
1292
1064
76
68
1287
1292
604
178
213
66
79
75
68
54
54
60
60
1287
1292
605
178
1287
1292
1292
1292
1292
1292
1292
1292
1292
1292
1292
1292
1292
1292
1292
1292
1292
1292
1292
1292
1292
1292
1292
1292
1292
1292
1292
1292
1292
1292
1292
1292
1292
1292
1292
1292
1292
1292
1292
1292
1292
1292
1292
1292
1292
1292
1292
1292
1292
1292
1292
1292
1292
1292
1292
1292
1292
1292
1292
1292
1292
1292
1292
1292
1292
1292
1292
1292
1292
1292
1292
1292
1292
1292
1292
1292
1292
1292
1292
79
74
1292
1292
1292
1292
1292
1292
1292
1292
1292
1292
1292
1292
1292
1292
1292
1292
1292
1292
1292
1292
1292
1292
1292
1292
1292
1292
1292
1292
1292
1292
1292
1292
1292
1292
1292
1292
1292
1292
1292
1292
1292
1292
1292
1292
1292
1292
1292
1292
1292
1292
1292
1292
1292
1292
1292
1292
1292
1292
1292
1292
1292
1292
1292
1292
1292
1292
1292
1292
1292
1292
1292
1292
1292
1292
1292
1292
1292
1292
1292
1292
1292
1292
1292
1292
1292
1292
1292
1292
1292
1292
1292
1292
1292
1292
1292
1292
1292
1292
1292
1292
1292
1292
1292
1292
1292
1292
1292
1292
1292
1292
1292
1292
1292
1292
1292
1292
1292
1292
1292
1292
1292
1292
1292
1292
1292
1292
1292
1292
1292
1292
1292
1292
1292
1292
1292
1292
1292
1292
1292
1292
1292
1292
1292
1292
1292
1292
1292
1292
1292
1292
1292
1292
1292
1292
1292
1292
1292
1292
1292
1292
1292
1292
1292
1292
1292
1292
1292
1292
1292
1292
1292
1292
689
74
74
74
74
75
75
75
75
75
75
75
75
75
75
75
75
75
75
81
68
1292
78
1292
1292
78
78
1292
1292
78
1292
79
1292
1292
1292
1292
1292
1292
1292
1292
1292
1292
1292
1292
78
1292
1292
1292
1292
1292
1292
1292
1292
78
1292
1292
1292
1292
1292
1292
1292
1292
1292
1292
78
1292
1292
1292
1292
1292
1292
1292
1292
1292
1292
1292
684
78
79
1287
1292
606
79
172
213
66
79
75
68
1287
1292
606
178
1287
1292
1292
1292
1292
1292
1292
1292
79
1292
1292
1292
1292
1292
74
1292
1292
1292
1292
1292
1292
1292
1292
1292
1292
1292
1292
1292
1292
1292
1292
1292
1292
1292
1292
1292
1292
74
74
74
1292
1292
1292
1292
1292
1292
1292
1292
1292
1292
1292
1292
1292
1292
1292
1292
1292
1292
1292
1292
1292
1292
1292
1292
1292
1292
1292
1292
1292
1292
1292
1292
1292
74
1292
1292
1292
74
74
75
1292
1292
1292
1292
1292
1292
1292
1292
1292
1292
1292
1292
1292
1292
1292
1292
1292
1292
1292
1292
1292
1292
1292
1292
1292
1292
1292
75
1292
1292
1292
1292
1292
1292
1292
1292
1292
1292
1292
1292
1292
1292
1292
1292
1292
1292
1292
1292
1292
1292
1292
1292
1292
1292
1292
1292
1292
1292
1292
1292
1292
1292
1292
1292
1292
1292
1292
1292
1292
1292
1292
1292
1292
1292
1292
1292
1292
1292
1292
68
75
75
75
75
75
75
75
78
1292
1292
150
77
77
82
67
1287
1292
607
178
213
66
80
68
1111
75
75
121
65
121
83
68
1287
1292
608
178
1287
1292
1292
1292
1292
1292
1292
1292
1292
79
1292
1292
1292
1292
1292
1292
1292
1292
1292
1292
1292
1292
1292
1292
1292
1292
1292
1292
1292
1292
1292
1292
1292
1292
1292
1292
1292
1292
1292
1292
1292
1292
1292
1292
1292
1292
1292
1292
1292
1292
1292
1292
1292
1292
1292
1292
1292
1292
1292
1292
1292
1292
1292
1292
1292
1292
1292
1292
1292
1292
1292
1292
1292
1292
1292
1292
1292
1292
1292
1292
1292
1292
1292
1292
1292
1292
1292
1292
1292
1292
1292
1292
1292
1292
1292
1292
1292
1292
1292
1292
1292
1292
1292
1292
1292
1292
1292
1292
1292
1292
1292
1292
1292
1292
1292
1292
1292
1292
1292
1292
1292
1292
1292
1292
1292
1292
332
1284
1292
1292
1292
1292
1292
1292
1292
1292
1292
1292
1292
1292
1292
1292
1292
1292
1292
1292
1292
1292
1292
1292
1292
1292
1292
1292
1292
1292
1292
1292
1292
1292
1292
1292
1292
1292
1292
1292
1292
1292
1292
1292
1292
1292
1292
1292
1292
1292
1292
1292
1292
1292
1292
1292
1292
1292
1292
1292
1292
1292
1292
1292
1292
1292
1292
1292
1292
1292
1292
1292
1292
1292
1292
1292
1292
1292
1292
1292
1292
1292
1292
1292
1292
1292
1292
1292
1292
1292
1292
1292
1292
1292
1292
1292
1292
1292
1292
1292
74
74
1292
1292
74
74
74
1292
75
75
75
1292
75
1292
1292
1292
1292
1292
1292
1292
1292
1292
1292
1292
1292
1292
1292
1292
1292
1292
1292
1292
1292
664
75
75
75
75
75
75
75
75
75
75
80
77
77
77
77
77
1292
1292
1292
1292
1292
1292
1292
1292
1292
1292
1292
1292
1292
1292
1292
1292
74
74
75
1292
1292
1292
1292
1292
1283
75
82
1292
1292
1292
122
953
142
82
82
1292
1292
1292
1292
1292
348
120
978
67
64
74
162
73
82
72
74
123
82
70
70
73
1285
105
75
75
71
125
65
125
83
68
68
